AbsLearnSignalOld,Entropy,EnvExecTime,AverageAbsY,NumTrajs,AverageReturn,MeanKL,ExplainedVariance,LossAfter,MaxReturn,AverageQLoss,LossBefore,AverageY,ProcessExecTime,Iteration,Time,ItrTime,Perplexity,AbsLearnSignal,AbsLearnSignalNew,MinReturn,AveragePolicyStd,AverageQ,PolicyExecTime,dLoss,AverageAbsQ,MeanKLBefore,AverageDiscountedReturn,AverageAbsQYDiff,StdReturn
0.764514922131,8.51363,1.295985460281372,1.33030110057,5,-531.186451749,0.00644035,1.86516357914e-11,-0.713634,-404.229276372,0.412152,-0.663814,-0.779964628315,0.08325362205505371,0,32.29056119918823,32.290546894073486,4982.22,0.76423803054,0.76423803054,-609.916488071,1.0,-0.779385,0.6754457950592041,0.0498193,1.20265,0.0,-49.8379363564,0.497239176134,88.919365603
0.775515292622,8.50983,1.5396268367767334,3.28721605309,5,-526.799623964,0.00645025,0.199034932171,1.90861,-434.558532801,0.761296,1.95919,-2.8990070069,0.08959269523620605,1,65.53083086013794,33.1081280708313,4963.31,0.775757005773,0.775757005773,-601.480887987,0.999371,-2.89685,0.639523983001709,0.0505837,3.21443,0.0,-61.1092164668,0.674996755714,59.2024109172
0.787124217739,8.49974,1.5708668231964111,5.40221371448,5,-481.531438781,0.00643401,0.117934375435,4.09439,-369.719440259,1.23474,4.14787,-5.04358535675,0.10300254821777344,2,99.63404321670532,33.97458553314209,4913.48,0.787421801497,0.787421801497,-550.380788025,0.997704,-5.04131,0.6922485828399658,0.0534811,5.34018,0.0,-53.0661522582,0.855261206427,61.8359208917
0.724540940033,8.50625,1.5850896835327148,7.45400393824,5,-550.124556434,0.00641946,-0.891148082732,6.22348,-426.11166864,1.95763,6.28668,-7.09068984456,0.09565258026123047,3,133.25944805145264,33.499366760253906,4945.58,0.723859506647,0.723859506647,-679.419089872,0.998797,-7.08805,0.7180576324462891,0.0631986,7.38803,0.0,-63.4103530767,1.05321332639,89.1389664616
0.796927957535,8.50041,1.5360114574432373,9.12766085414,5,-446.274222523,0.00990054,0.230980560829,7.29982,-330.365201751,2.56925,7.37471,-8.73929265465,0.0886988639831543,4,166.76648545265198,33.38688135147095,4916.76,0.797091424445,0.797091424445,-544.619658142,0.997817,-8.73665,0.6722462177276611,0.0748901,9.06149,0.0,-46.6946460413,1.19844385432,82.4772858553
0.762908696388,8.49937,1.5984864234924316,10.5443745429,5,-412.102729012,0.00642452,0.112969068296,8.10337,-202.13403127,3.1002,8.16869,-10.1058258551,0.09500288963317871,5,200.34054946899414,33.45625066757202,4911.7,0.763423775119,0.763423775119,-534.39534366,0.997646,-10.1027,0.719494104385376,0.0653257,10.4703,0.0,-21.1454917914,1.30079838071,111.867769692
0.775914844522,8.50928,1.5417041778564453,11.6103001678,5,-351.987828604,0.00647991,0.0532771473165,8.82112,-122.986131281,3.64138,8.89114,-11.108801911,0.09463858604431152,6,234.09980249404907,33.63791346549988,4960.61,0.776405470496,0.776405470496,-553.400498818,0.9993,-11.1059,0.6705160140991211,0.0700264,11.5295,0.0,-43.5312652275,1.39976719277,179.39514669
0.804996689872,8.5078,1.5988879203796387,12.1778180124,5,-193.56496301,0.00646054,0.240406891621,7.88913,-18.3177655189,4.29874,7.96861,-11.5297471398,0.10174775123596191,7,267.81419920921326,33.59178185462952,4953.25,0.803965224304,0.803965224304,-351.507762444,0.999062,-11.5271,0.7218117713928223,0.0794759,12.0797,0.0,-10.8478364386,1.50992831488,113.263242067
0.797969844809,8.50549,1.5969350337982178,12.7604501695,5,-352.345879719,0.00646045,0.2671520127,11.3044,-186.903648885,4.59662,11.3707,-12.0552114195,0.09424710273742676,8,302.65040588378906,34.70479464530945,4941.84,0.796788191399,0.796788191399,-483.428123149,0.998676,-12.0516,0.7505671977996826,0.0662956,12.6548,0.0,-30.2727548138,1.54502194083,102.12206983
0.8209096172,8.50234,1.6883299350738525,12.866755472,5,-166.426359568,0.00659369,0.32828951275,7.77887,63.5043224624,5.02147,7.85605,-11.9520786955,0.1143031120300293,9,337.6145136356354,34.83064365386963,4926.27,0.819407114333,0.819407114333,-461.826967738,0.998152,-11.9501,0.8357710838317871,0.0771756,12.75,0.0,-16.080689536,1.61061525423,211.787620811
0.787987835296,8.4948,1.603257656097412,12.8916798393,5,-192.25227955,0.00656048,0.395853387045,8.6564,-39.1010865116,5.11832,8.72475,-11.7784300169,0.10021686553955078,10,372.5155289173126,34.77710509300232,4889.28,0.78905725025,0.78905725025,-409.288278099,0.996905,-11.7771,0.7361388206481934,0.0683413,12.7637,0.0,-5.87416544529,1.62329983625,124.035089325
0.785714440897,8.49977,1.5999326705932617,12.6405003684,5,-30.6721666666,0.00655589,0.465581812068,5.47917,153.928087955,5.21894,5.54812,-11.1704044702,0.09590673446655273,11,406.45978593826294,33.824883222579956,4913.65,0.785235873945,0.785235873945,-185.890132597,0.997752,-11.1694,0.7220702171325684,0.0689483,12.5032,0.0,-2.03440389104,1.64410844346,121.556694426
0.794210951585,8.48598,1.5748040676116943,12.4599194836,5,-152.139317869,0.00649008,0.216362468261,6.60583,-68.3360017204,5.36199,6.66737,-10.6732245108,0.08881998062133789,12,441.6676375865936,35.075568437576294,4846.36,0.791831855358,0.791831855358,-256.436229658,0.995454,-10.6723,0.6562550067901611,0.0615368,12.3166,0.0,-10.8156179056,1.65932854431,63.9630083357
0.791283719414,8.48196,1.64552640914917,12.1182726347,5,-111.728006323,0.00645237,0.203872044873,4.13944,-56.4836090708,5.35675,4.20332,-10.0550310009,0.10058975219726562,13,476.6750593185425,34.86475133895874,4826.92,0.79082961888,0.79082961888,-152.273516057,0.994794,-10.0546,0.7223193645477295,0.0638776,11.9678,0.0,-17.8412737133,1.6615976621,42.1565973377
0.749584923325,8.47392,1.590402603149414,12.0682773398,5,-216.140971551,0.00996333,-0.475056863937,8.87762,-51.8275438019,5.13984,8.95572,-9.80819239415,0.09581851959228516,14,512.533040523529,35.73965668678284,4788.24,0.750312145913,0.750312145913,-302.377825705,0.993453,-9.80724,0.6843647956848145,0.0780993,11.9189,0.0,-12.6807474143,1.62981408299,88.9147889269
0.795335952926,8.47419,1.5856127738952637,11.947322576,5,-157.363984024,0.00643353,0.205318942209,7.03407,-66.7467426894,4.90458,7.09249,-9.55245009334,0.09452581405639648,15,547.5033602714539,34.849912881851196,4789.53,0.793878000577,0.793878000577,-305.662119165,0.993518,-9.55186,0.6733648777008057,0.0584216,11.7975,0.0,-4.27460097587,1.5904276524,86.6084882549
0.799176771265,8.47014,1.643097162246704,11.9035008647,5,-104.851030757,0.00993738,0.331875043922,6.89709,41.355873973,4.7146,6.97034,-9.3401424342,0.10696959495544434,16,583.401022195816,35.771384716033936,4770.18,0.797419052203,0.797419052203,-296.910188913,0.992866,-9.34014,0.7897462844848633,0.073246,11.7546,0.0,-7.78076364142,1.56957111824,121.143136434
0.795898100297,8.48454,1.6593573093414307,11.8788966901,5,-58.1952763569,0.0099846,0.345071215815,5.60436,150.33901611,4.68935,5.67492,-9.03335519681,0.10120058059692383,17,619.3291847705841,35.802602767944336,4839.36,0.795648329715,0.795648329715,-311.224502943,0.995262,-9.03377,0.7889015674591064,0.0705562,11.7232,0.0,8.51702922716,1.56135980674,157.707922039
0.779329420734,8.47674,1.672637701034546,11.8975119667,5,-119.143340625,0.00646892,0.435070693445,6.99972,74.6949247587,4.60862,7.0589,-8.74155424699,0.10529708862304688,18,654.9058029651642,35.449066400527954,4801.76,0.778104370134,0.778104370134,-386.749978553,0.993943,-8.74314,0.791038990020752,0.059175,11.7413,0.0,-9.25271008168,1.54365807692,205.930671836
0.777006031831,8.47604,1.6071138381958008,11.7744089236,5,26.630027245,0.00993057,0.0519770989754,1.47324,156.724098357,4.58771,1.55241,-8.20034987468,0.09559369087219238,19,692.3473200798035,37.31544327735901,4798.39,0.77576330395,0.77576330395,-103.588911309,0.993836,-8.20225,0.7159054279327393,0.0791668,11.6108,0.0,7.46893474362,1.5425627227,103.842466776
0.79138000537,8.47343,1.6926982402801514,11.664257588,5,-116.480118729,0.00643543,0.398760932165,5.71913,18.0876850619,4.53236,5.77817,-7.65471598739,0.1146700382232666,20,728.7397110462189,36.261085748672485,4785.89,0.790969654159,0.790969654159,-218.709256043,0.9934,-7.65702,0.8308916091918945,0.0590405,11.4961,0.0,-9.30672260311,1.52665507493,82.3008933852
0.774416809598,8.46336,1.773386001586914,11.8446171669,5,-184.459837422,0.00641482,0.626465456887,10.2681,61.5991678834,4.38705,10.3232,-7.35543176779,0.12245941162109375,21,768.5544984340668,39.682719707489014,4737.94,0.7769914479,0.7769914479,-445.99505004,0.991729,-7.35771,0.9018368721008301,0.0551214,11.68,0.0,-0.875690261524,1.504106172,174.931647272
0.78100631257,8.44874,1.7666585445404053,11.8619790912,5,70.3035385935,0.00643414,0.464964305187,0.0819478,157.168761698,4.39726,0.144167,-6.60825973423,0.11549043655395508,22,805.7737398147583,37.06916880607605,4669.21,0.779946783112,0.779946783112,-169.036686776,0.989326,-6.61103,0.8925793170928955,0.0622195,11.6918,0.0,4.06688359198,1.5073211248,120.698147991
0.796366148605,8.43598,1.714324951171875,12.0645274305,5,-17.5646174495,0.00996692,0.403555891849,2.17522,242.702189355,4.39513,2.24843,-5.85835682996,0.10938739776611328,23,844.9885451793671,39.08576679229736,4609.96,0.79624454753,0.79624454753,-356.00710224,0.987224,-5.86158,0.8113453388214111,0.073211,11.8964,0.0,13.9282268976,1.50890434514,211.142741686
0.801387323682,8.43062,1.8389687538146973,12.3033669642,5,115.653372405,0.00645515,0.402689801118,-3.04136,219.493064604,4.49744,-2.97661,-4.83035398136,0.12113738059997559,24,885.4322800636292,40.28688859939575,4585.34,0.801418406913,0.801418406913,-64.5264512956,0.986342,-4.83387,0.9379315376281738,0.0647514,12.1383,0.0,9.96088616165,1.52684235842,100.474613515
0.756583200602,8.41834,1.9727683067321777,12.9016982594,5,58.0361777756,0.00992484,0.689972088165,2.4851,268.303043178,4.52524,2.55552,-3.97988420365,0.13485074043273926,25,924.880170583725,39.27827763557434,4529.39,0.757536906303,0.757536906303,-333.596906375,0.984306,-3.98393,1.0369629859924316,0.0704265,12.7508,0.0,25.0573635448,1.5357018047,231.126518179
0.761440619387,8.42573,1.80869460105896,13.640975944,5,-54.0013486976,0.00643921,0.742664012704,4.85064,225.267484909,4.56243,4.90545,-3.23706196642,0.1281888484954834,26,963.9946959018707,38.97356986999512,4562.96,0.761500351088,0.761500351088,-294.29150111,0.985537,-3.24053,0.919503927230835,0.0548143,13.5001,0.0,8.63111581514,1.54471848651,205.602825361
0.778407134212,8.41706,1.6696186065673828,14.4410282352,5,265.049392704,0.00640567,0.605244324626,-7.37621,389.867285838,4.75582,-7.31525,-1.96526802462,0.10820770263671875,27,1003.5612716674805,39.437439918518066,4523.59,0.778734606555,0.778734606555,-72.5790899436,0.984099,-1.97005,0.7973811626434326,0.0609608,14.3106,0.0,34.7635338398,1.57200561151,172.724177592
0.778336199983,8.42959,1.8299016952514648,15.3014734049,5,247.642408348,0.00998078,0.505333033518,-8.86316,407.096527202,4.80514,-8.78648,-0.644056663396,0.12117934226989746,28,1045.3842113018036,41.67123103141785,4580.62,0.777679430489,0.777679430489,-95.5231784357,0.986158,-0.647934,0.9277045726776123,0.0766754,15.1903,0.0,12.9867711114,1.58650986174,178.518774252
0.73290315469,8.43329,1.912994384765625,16.5244962219,5,58.1281489664,0.00649011,0.530457473431,2.79984,361.373797498,4.92614,2.85414,0.343618566669,0.1372547149658203,29,1088.2679488658905,42.723047494888306,4597.6,0.733769442574,0.733769442574,-75.59502165,0.986748,0.339274,1.0085372924804688,0.0542984,16.4243,0.0,26.8429311207,1.60008569067,164.114562805
0.71744398437,8.40431,1.9247260093688965,17.8383386147,5,56.1519380259,0.00644201,-0.159149670698,0.0119721,511.55166079,5.14405,0.0723492,1.40377881522,0.13420844078063965,30,1131.5171811580658,43.081871509552,4466.28,0.717509934989,0.717509934989,-450.534374191,0.982008,1.4007,1.0164048671722412,0.0603772,17.7551,0.0,24.672837538,1.62123719493,382.748768203
0.780549840642,8.40977,1.8281042575836182,19.0754772184,5,441.248801376,0.00994042,0.00344172380513,-21.2138,587.715387446,5.16176,-21.131,3.30852464289,0.11978340148925781,31,1173.4620587825775,41.78202033042908,4490.71,0.780916955092,0.780916955092,342.746257737,0.982908,3.30462,0.9375085830688477,0.0827942,19.0055,0.0,36.050544194,1.6341121829,91.2566910749
0.736225550901,8.40508,1.8520867824554443,20.4743549587,5,121.887454715,0.00646363,0.368555801675,-8.7928,360.95608612,5.37008,-8.7171,4.7649990626,0.12642931938171387,32,1214.4728066921234,40.85891008377075,4469.74,0.735500401675,0.735500401675,-467.213078657,0.982134,4.76108,0.9529142379760742,0.0757008,20.4175,0.0,19.6668249275,1.6644931586,301.952119906
0.782545907035,8.40038,1.901118516921997,22.0129718986,5,367.419622751,0.00640657,0.307153690523,-21.5709,581.223851195,5.5875,-21.5051,6.59103424999,0.13517069816589355,33,1251.5887887477875,36.94092845916748,4448.74,0.784180577648,0.784180577648,240.561364563,0.981359,6.58649,0.9987444877624512,0.0657921,21.9643,0.0,31.7078549164,1.69068213684,117.307550311
0.792486130604,8.39684,1.6404328346252441,23.7344942293,5,462.506821543,0.00652296,0.188229643382,-27.0848,617.801330002,5.70981,-27.0159,8.76034161685,0.10514450073242188,34,1287.6266672611237,35.90774869918823,4433.04,0.792543161883,0.792543161883,366.40054274,0.980784,8.75592,0.7651128768920898,0.0688744,23.694,0.0,35.4442523651,1.70970328237,84.9207877376
0.727477486078,8.37616,1.6612145900726318,25.5426105738,5,443.662850196,0.00641809,0.564102321315,-22.8631,687.200272683,6.04972,-22.7995,10.784739178,0.10253000259399414,35,1321.9798064231873,34.22747087478638,4342.31,0.729604809642,0.729604809642,9.27559036562,0.977421,10.7799,0.762641429901123,0.0635834,25.5072,0.0,54.722398001,1.74349145733,231.537756914
0.780146066534,8.36834,1.619398832321167,27.6857459695,5,656.729404804,0.00984483,-0.183698632369,-34.9658,750.71264861,6.31442,-34.8728,13.3136274741,0.09503889083862305,36,1355.7894616127014,33.68121290206909,4308.48,0.780216667739,0.780216667739,455.762300568,0.976145,13.3088,0.7043802738189697,0.0930252,27.6555,0.0,43.5055497381,1.77944834218,111.873952177
0.797720253828,8.37234,1.5927722454071045,29.9097564076,5,592.338497227,0.00643937,0.3219253983,-36.6894,722.775745059,6.61432,-36.6142,15.8913629329,0.09082221984863281,37,1390.342277765274,34.421701192855835,4325.73,0.79626426295,0.79626426295,502.64512376,0.976776,15.8867,0.6496453285217285,0.0752792,29.8829,0.0,39.648621099,1.81586705662,84.4443494764
0.754527991854,8.36949,1.6387391090393066,32.1194531401,5,441.399473227,0.00644567,0.580011028326,-21.9322,799.863014994,6.92609,-21.8679,17.9829111662,0.10313010215759277,38,1424.6039032936096,34.13593554496765,4313.44,0.75429074611,0.75429074611,-359.509532471,0.976289,17.9781,0.7629153728485107,0.0643272,32.0939,0.0,48.6280552614,1.84916064812,429.972559247
0.733817075129,8.36147,1.6032755374908447,34.3237705527,5,302.192623697,0.00641462,0.773010332377,-14.964,934.540922708,7.19123,-14.9063,20.0300365581,0.09178447723388672,39,1459.0173003673553,34.285213470458984,4278.99,0.733608038423,0.733608038423,-223.049167755,0.974997,20.0252,0.6755015850067139,0.0577488,34.2984,0.0,42.6036292981,1.87070279638,448.789848117
0.745687766518,8.34596,1.6046826839447021,36.8060885751,5,740.894494489,0.00642185,0.0256464800199,-48.8454,871.155175859,7.57355,-48.7753,22.9281520784,0.09294819831848145,40,1494.5696392059326,35.425108671188354,4213.14,0.74263846439,0.74263846439,579.370957621,0.972496,22.923,0.6920239925384521,0.070076,36.7824,0.0,64.7280144361,1.89926906361,126.637966826
0.742949562066,8.34301,1.6104762554168701,39.2278430058,5,619.727441981,0.00643625,0.746711245221,-40.4518,772.263239097,8.00691,-40.3881,25.6997194107,0.1020200252532959,41,1529.4295644760132,34.728858947753906,4200.71,0.742687846801,0.742687846801,56.886271897,0.97201,25.6941,0.7184302806854248,0.0637245,39.2059,0.0,75.7890085084,1.93428453627,281.742510869
0.510076458941,8.32587,1.646620273590088,41.9163868163,5,826.558697236,0.00992435,-0.0856704042592,-48.0988,1104.81703204,8.44204,-48.0048,28.6374839339,0.10477972030639648,42,1564.6135425567627,35.05382800102234,4129.32,0.510388334727,0.510388334727,332.710175732,0.969226,28.6318,0.7941656112670898,0.0940247,41.8941,0.0,100.525633234,1.96369982349,267.726718854
0.798055421295,8.31567,1.578221082687378,44.6320639136,5,769.933622609,0.00999234,0.566304784625,-47.1009,1260.7328013,8.83238,-47.0137,31.5746376303,0.09126901626586914,43,1598.936291217804,34.18730401992798,4087.41,0.798491800213,0.798491800213,-71.5576725456,0.967594,31.5684,0.6626973152160645,0.0871811,44.6116,0.0,55.2745361837,1.99580735815,452.742311985
0.746588212596,8.2998,1.610192060470581,47.3980321182,5,650.340085533,0.00997851,0.660890030189,-45.5523,965.737961382,9.47542,-45.4689,34.491774539,0.10483264923095703,44,1634.9949686527252,35.90552806854248,4023.06,0.746054135453,0.746054135453,-47.1787948625,0.965048,34.4854,0.7222824096679688,0.0833397,47.3775,0.0,75.8411105138,2.02916436897,360.942551173
0.798404847634,8.29697,1.6180768013000488,50.6436252573,5,1104.41055113,0.00995489,0.304908083978,-71.1273,1346.92210213,9.52058,-71.0369,38.1478676008,0.10345721244812012,45,1671.4814009666443,36.3530490398407,4011.71,0.79780800402,0.79780800402,918.323024549,0.964597,38.1418,0.7534019947052002,0.090416,50.6243,0.0,90.0033579873,2.04990584861,142.049695312
0.683548625591,8.28622,1.6019763946533203,53.4742447475,5,730.43476808,0.00996242,0.646244822309,-45.7966,1133.45021064,10.4066,-45.7165,40.9838417604,0.10114407539367676,46,1706.9662704467773,35.33567142486572,3968.79,0.683316759585,0.683316759585,35.6125767078,0.962884,40.9767,0.6911706924438477,0.08004,53.4538,0.0,87.5163556267,2.08459723297,439.726286453
0.737604820779,8.27544,1.701155424118042,56.6160624893,5,870.601425932,0.0064306,0.695795521157,-62.7584,1226.5642252,10.5614,-62.6838,44.3987744042,0.11538529396057129,47,1744.0262677669525,36.9295494556427,3926.27,0.739891637961,0.739891637961,-20.3424644731,0.961169,44.392,0.8402352333068848,0.0745163,56.5959,0.0,81.6088683899,2.10567777517,451.481505176
0.797724474285,8.27308,1.548537254333496,59.7824979964,5,1087.97184263,0.00643087,0.388328254573,-81.9881,1198.12969946,11.1852,-81.913,47.8621746611,0.09589695930480957,48,1780.2159214019775,36.05561947822571,3916.99,0.79696537052,0.79696537052,946.194206571,0.960797,47.8546,0.6849172115325928,0.0751266,59.765,0.0,84.2726047617,2.14348669002,85.6203889645
0.663887748575,8.26991,1.6761810779571533,62.6209027315,5,475.71345099,0.00642483,0.447764609893,-35.093,978.032870484,11.8689,-35.0274,50.7193443669,0.11050295829772949,49,1815.0380823612213,34.68452429771423,3904.6,0.66372571603,0.66372571603,-36.5475340675,0.960322,50.7126,0.8530404567718506,0.0656433,62.6037,0.0,94.4146277706,2.16004755825,365.447123507
0.71821049918,8.27726,1.616401195526123,66.1921220796,5,1235.72545291,0.00981976,0.0289557920521,-92.3288,1496.24843968,12.0369,-92.2321,54.6580656517,0.10229134559631348,50,1848.7215149402618,33.55400896072388,3933.41,0.718973436234,0.718973436234,980.737757288,0.961478,54.6506,0.748976469039917,0.0967484,66.174,0.0,103.984469713,2.19697098895,172.569399611
0.712634096194,8.28047,1.5962707996368408,69.7689928775,5,1128.97097677,0.00996663,0.626091097809,-86.741,1338.15758392,13.4472,-86.6413,58.4994876928,0.09254050254821777,51,1881.8847379684448,33.04133105278015,3946.03,0.71269899651,0.71269899651,604.402050554,0.961997,58.4921,0.6933498382568359,0.099678,69.7526,0.0,112.765862991,2.24396929437,266.121713156
0.714568442445,8.26587,1.5492639541625977,73.2798960148,5,1113.82474693,0.0098468,0.57661479077,-89.7383,1382.79368695,13.9503,-89.6527,62.3099239496,0.09172558784484863,52,1914.7307341098785,32.72417855262756,3888.87,0.714535431412,0.714535431412,845.476095077,0.959698,62.301,0.6475667953491211,0.0855637,73.2635,0.0,106.72886875,2.27367416778,179.442789325
0.773352856892,8.26117,1.5560047626495361,77.205151716,5,1321.73147961,0.00994145,0.53330010442,-107.893,1472.17630097,15.3853,-107.795,66.6677119694,0.08845305442810059,53,1947.41636967659,32.563743591308594,3870.61,0.772666791867,0.772666791867,1204.01717886,0.958955,66.659,0.6364834308624268,0.0978775,77.1887,0.0,128.66601189,2.31166999876,91.5011129546
0.5667631041,8.2566,1.5729725360870361,80.9042731983,5,1282.46492666,0.00971658,0.247293549378,-104.418,1407.11250507,15.4019,-104.323,70.7109179637,0.08915042877197266,54,1980.7022061347961,33.16427564620972,3852.98,0.56643507546,0.56643507546,984.540166792,0.958223,70.7028,0.6439886093139648,0.095047,80.8895,0.0,105.518720374,2.33700667375,154.860189222
0.784572579052,8.25926,1.5833563804626465,84.5395653442,5,1159.90178013,0.00641091,0.703847155505,-92.3902,1518.69355834,16.8662,-92.3199,74.5130101476,0.09357404708862305,55,2014.1164095401764,33.2916362285614,3863.24,0.784618075167,0.784618075167,-94.6016174009,0.958661,74.5037,0.6643927097320557,0.0702591,84.5254,0.0,119.293601018,2.37480238818,628.817544912
0.674524429692,8.25561,1.5402448177337646,88.0909453004,5,862.018604648,0.00995961,0.791594132012,-79.8587,1438.65887785,18.2717,-79.7762,78.2782490977,0.08723902702331543,56,2047.1651680469513,32.9264121055603,3849.15,0.67562729973,0.67562729973,-76.7282208824,0.958094,78.2697,0.6305408477783203,0.0825043,88.0779,0.0,96.1685106194,2.41697170686,630.735675021
0.750455237023,8.24896,1.5658912658691406,91.4222571517,5,956.663357495,0.00981015,0.779526587521,-80.7804,1534.34729114,17.9873,-80.6944,81.7427281744,0.08965730667114258,57,2080.888932466507,33.60446071624756,3823.65,0.751092053064,0.751092053064,573.674386736,0.957026,81.7331,0.6255295276641846,0.0860214,91.4085,0.0,105.79124375,2.42433678041,409.757535483
0.695298064737,8.24407,1.5787262916564941,95.0099692841,5,1234.47422177,0.00990294,0.808619126282,-93.3177,1821.68779414,18.1969,-93.2286,85.5361288073,0.0916907787322998,58,2114.4091618061066,33.39331340789795,3804.98,0.696679530356,0.696679530356,199.547413122,0.956245,85.5258,0.6871964931488037,0.0890503,94.9975,0.0,162.281325397,2.43747610105,625.101845795
0.726289834138,8.23788,1.5866289138793945,98.9837419488,5,1517.23425607,0.00994856,0.345833122537,-138.045,1668.92880685,20.907,-137.956,89.8790073771,0.09348821640014648,59,2147.947746992111,33.41412830352783,3781.51,0.72720154109,0.72720154109,1372.01577552,0.955261,89.8702,0.6899018287658691,0.0888214,98.9733,0.0,120.006108736,2.51789867409,107.190042534
0.688183184533,8.22535,1.5728657245635986,101.945799425,5,780.686626408,0.00993547,0.566775635362,-70.8429,1759.1191901,20.5371,-70.7662,92.9511080102,0.09522533416748047,60,2181.8134140968323,33.74143695831299,3734.42,0.688571593326,0.688571593326,-52.4043471643,0.953273,92.941,0.68868088722229,0.0766525,101.936,0.0,115.798860475,2.52294346225,712.269258013
0.723564763604,8.21244,1.570099115371704,105.329882611,5,1118.96734012,0.00983125,0.718084312032,-111.184,1621.60834699,23.3131,-111.103,96.5554449115,0.09457612037658691,61,2216.3454530239105,34.406578540802,3686.52,0.722819901954,0.722819901954,285.554662817,0.951222,96.5452,0.6765363216400146,0.0806427,105.319,0.0,134.304326551,2.59768855451,502.959251399
0.749303337588,8.20011,1.5493910312652588,108.220595242,5,985.761721933,0.00964761,0.813577240891,-82.9596,1810.07530358,25.6637,-82.8819,99.5302222867,0.09083414077758789,62,2250.3678085803986,33.89764428138733,3641.34,0.748598984403,0.748598984403,150.042685572,0.94928,99.5196,0.6718518733978271,0.0777206,108.213,0.0,135.912331675,2.61732639189,718.054961137
0.709778451638,8.19108,1.5695881843566895,112.13044043,5,1301.20005235,0.0098326,0.763945616986,-123.337,1814.20340939,23.8768,-123.256,103.68880234,0.09417247772216797,63,2285.619416952133,35.11513900756836,3608.64,0.708848418238,0.708848418238,466.069613237,0.947875,103.679,0.6556005477905273,0.0813751,112.12,0.0,140.01167811,2.6115606642,508.183347906
0.72019412241,8.18518,1.5633735656738281,115.705419728,5,1441.51158021,0.00984433,0.775669598541,-130.535,1986.35908124,26.7543,-130.453,107.370157057,0.09254050254821777,64,2322.114674091339,36.36705446243286,3587.4,0.720109192977,0.720109192977,302.543003301,0.946988,107.358,0.6574099063873291,0.0820465,115.694,0.0,154.088812241,2.66032469871,605.755905655
0.734038234982,8.17503,1.5777606964111328,119.760059831,5,1432.84775165,0.009907,0.780211433466,-139.908,1853.3871623,28.5009,-139.798,111.690070451,0.10410952568054199,65,2359.613354444504,37.37400531768799,3551.15,0.735548024138,0.735548024138,460.821633194,0.945417,111.679,0.7146759033203125,0.110443,119.751,0.0,141.000520423,2.70517463419,507.518524434
0.725935518095,8.16636,1.8845546245574951,122.992307811,5,961.426822835,0.00994564,0.785402149189,-90.7745,1836.79349225,28.91,-90.6862,115.006689559,0.13620400428771973,66,2397.9744205474854,38.19350862503052,3520.52,0.725796283796,0.725796283796,183.225206041,0.944062,114.996,1.0142672061920166,0.0882645,122.982,0.0,141.147080772,2.71466957037,605.258965016
0.689206869635,8.15119,1.8895509243011475,126.529205187,5,1302.02529882,0.00973425,0.741818163295,-138.573,1821.56801036,31.5427,-138.492,118.763712415,0.1329641342163086,67,2434.9820952415466,36.806276082992554,3467.51,0.690586786595,0.690586786595,59.4812460367,0.941673,118.752,1.0281531810760498,0.0812988,126.518,0.0,131.623461771,2.74664491938,648.176251709
0.722446527067,8.15093,1.734487771987915,129.902778024,5,1293.21349654,0.00988664,0.810856142151,-135.437,1846.68775803,30.1671,-135.34,122.282507098,0.11444497108459473,68,2474.4578082561493,39.344332218170166,3466.61,0.723416576368,0.723416576368,340.009039042,0.941656,122.272,0.8789730072021484,0.0968323,129.895,0.0,138.380165754,2.74932356386,589.982087629
0.710092802058,8.14795,1.7609150409698486,133.436374884,5,1356.1889384,0.00644776,0.761116442324,-140.706,1858.44245573,31.4344,-140.635,125.905971476,0.11318683624267578,69,2515.7069091796875,41.05506634712219,3456.28,0.710289638519,0.710289638519,753.319158409,0.941207,125.895,0.891732931137085,0.0709686,133.427,0.0,142.135525496,2.75471969948,432.796166687
0.706259584517,8.14194,1.877058506011963,137.55015678,5,1962.36462309,0.00992461,0.374248946777,-197.366,2099.88353264,32.3825,-197.245,130.202527807,0.12955832481384277,70,2553.193737268448,37.311789989471436,3435.59,0.705965093461,0.705965093461,1813.24549357,0.940289,130.191,1.0054500102996826,0.1203,137.542,0.0,158.496993808,2.77930498914,122.88304829
0.690352620364,8.13837,1.789184808731079,141.246711321,5,1684.05931297,0.00988948,0.705211637577,-177.572,2009.40078352,33.4603,-177.487,134.109812211,0.13293099403381348,71,2590.261934518814,36.915637731552124,3423.34,0.691124059582,0.691124059582,1074.25880481,0.939741,134.099,0.9232172966003418,0.0847626,141.239,0.0,164.992763731,2.78364831333,325.962087673
0.763252699524,8.13846,1.7139687538146973,145.479569278,5,2030.81550549,0.00974774,0.591073422815,-207.313,2325.67128404,34.7078,-207.222,138.654008449,0.12114977836608887,72,2628.3312644958496,37.93572449684143,3423.64,0.763428347093,0.763428347093,1676.51373909,0.93975,138.642,0.8585340976715088,0.0909576,145.471,0.0,172.457863083,2.80914060534,220.190683287
0.74202810467,8.1328,1.5716018676757812,148.679819531,5,1794.17564355,0.00980672,0.60867480528,-183.255,2230.34689219,34.8327,-183.176,142.014684738,0.09353065490722656,73,2666.2028934955597,37.74415445327759,3404.32,0.742287621927,0.742287621927,840.0125361,0.938857,142.004,0.670374870300293,0.0795898,148.673,0.0,170.033882799,2.84407590609,494.555816623
0.726339288783,8.13181,1.8189594745635986,152.025131219,5,1847.85258573,0.00983062,0.703554616083,-194.481,2114.08315834,37.1531,-194.394,145.561764122,0.12200140953063965,74,2706.91588640213,40.510262966156006,3400.96,0.727634937149,0.727634937149,1352.78629239,0.938701,145.551,0.975222110748291,0.0873718,152.021,0.0,162.38434497,2.86980864981,264.842347763
0.760455958746,8.12816,1.95888090133667,155.243503484,5,1513.65930921,0.00989896,0.774904089453,-164.445,2086.51355491,37.0383,-164.369,149.042277141,0.1462697982788086,75,2751.0028960704803,43.90285134315491,3388.55,0.760498347251,0.760498347251,860.429454327,0.938133,149.03,1.06892728805542,0.0751038,155.236,0.0,140.978991417,2.87552678753,480.02208516
0.733341620936,8.11817,1.7755119800567627,157.788194202,5,1457.26875878,0.0094211,0.827474029694,-161.021,2050.10436584,40.8795,-160.949,151.784074498,0.12302660942077637,76,2794.759570121765,43.5914101600647,3354.88,0.732540453694,0.732540453694,91.3197888501,0.936597,151.774,0.904975414276123,0.0714722,157.783,0.0,153.604979074,2.91965306129,760.40326456
0.712187197263,8.11917,2.0644185543060303,161.114302811,5,1916.75544002,0.00643556,0.765976526906,-198.386,2344.4626284,44.231,-198.315,155.41921348,0.16933155059814453,77,2839.3742628097534,44.39972376823425,3358.25,0.71260506769,0.71260506769,914.589996714,0.936793,155.408,1.1750004291534424,0.070816,161.108,0.0,178.157445081,2.98413401232,517.848054829
0.709303597155,8.11413,1.8855273723602295,163.685404212,5,1563.59574707,0.00993655,0.795655547687,-170.494,2150.81442214,43.4629,-170.414,158.224269443,0.14229130744934082,78,2880.3885309696198,40.84069347381592,3341.35,0.710085928672,0.710085928672,869.678787105,0.936017,158.214,0.9911284446716309,0.0803375,163.679,0.0,151.104354926,2.96882136466,539.516065271
0.711912179338,8.10808,1.9710266590118408,165.636977337,5,1255.78417813,0.00990618,0.82439315017,-143.707,2177.11699782,43.0851,-143.629,160.359118177,0.15242576599121094,79,2926.1331872940063,45.563647985458374,3321.21,0.712550198888,0.712550198888,603.281177506,0.935089,160.348,1.0978949069976807,0.077774,165.63,0.0,156.751710624,2.98485951492,673.910482836
0.729030230039,8.11369,1.9821925163269043,168.270063262,5,1995.81504624,0.00640406,0.249695461728,-235.584,2315.531051,46.4062,-235.508,163.267498952,0.14229130744934082,80,2971.7306735515594,45.40090322494507,3339.86,0.727785386911,0.727785386911,1592.33654348,0.935969,163.257,1.102663278579712,0.075592,168.267,0.0,136.405343199,3.02255686908,312.780861393
0.795068607449,8.11276,1.8476722240447998,171.779780725,5,2126.6560151,0.00985041,0.49324996085,-242.569,2322.09153136,46.7186,-242.492,167.117608682,0.11825299263000488,81,3012.0552031993866,40.12352538108826,3336.78,0.794437597117,0.794437597117,1937.41173308,0.935837,167.107,0.9929530620574951,0.0769501,171.775,0.0,174.825808875,3.02645992544,126.216610631
0.758120739497,8.11129,1.9958059787750244,174.837013568,5,2173.50126968,0.00960739,0.715671493644,-244.291,2253.37294139,46.5413,-244.21,170.411888422,0.14325928688049316,82,3054.216914176941,41.95043587684631,3331.86,0.75676073776,0.75676073776,2046.66357992,0.935579,170.4,1.0948493480682373,0.0811768,174.833,0.0,176.571926057,3.05555649793,70.2643691353
0.740350676652,8.1038,1.6982600688934326,177.418270214,5,1661.36491605,0.00961474,0.742855613867,-197.938,2375.61821797,44.9502,-197.858,173.310107965,0.10525131225585938,83,3090.15687251091,35.79930305480957,3307.03,0.740189975033,0.740189975033,178.407521374,0.934437,173.299,0.8176052570343018,0.0795288,177.414,0.0,148.21619829,3.04884685246,762.426842442
0.725348152827,8.09905,1.781736135482788,179.114712526,5,1290.5979463,0.00983697,0.833451160441,-151.768,2205.1668206,51.2868,-151.701,175.302757245,0.11547255516052246,84,3125.577629327774,35.28079891204834,3291.33,0.725351771508,0.725351771508,-17.5321090496,0.933701,175.291,0.8995938301086426,0.0664673,179.108,0.0,128.998260635,3.09172196861,1017.97914514
0.73327040518,8.09756,1.5533833503723145,181.744244006,5,2085.19928566,0.00997698,0.669305538968,-237.899,2295.89086469,51.2222,-237.794,178.262483192,0.09277462959289551,85,3159.206480026245,33.507670640945435,3286.43,0.734024692035,0.734024692035,1642.98991993,0.933469,178.251,0.6706433296203613,0.104843,181.738,0.0,187.709267423,3.11991092986,234.243445717
0.774168474868,8.0963,1.5979342460632324,183.40886877,5,1484.66719011,0.00973909,0.757671635779,-166.619,2416.62024189,53.6135,-166.543,180.352164858,0.10485291481018066,86,3193.0677151679993,33.734339237213135,3282.3,0.775060337657,0.775060337657,193.977934369,0.933283,180.34,0.7127506732940674,0.0759888,183.406,0.0,164.790924306,3.12316526144,806.355528476
0.530892929736,8.09234,1.5830192565917969,185.802619479,5,2026.91344013,0.00979479,-2.07047841233,-226.62,2456.20784786,52.8982,-226.536,182.951545119,0.08891534805297852,87,3226.9113314151764,33.71198034286499,3269.33,0.5312417526,0.5312417526,694.937329239,0.932694,182.939,0.6764168739318848,0.0838623,185.793,0.0,184.746901652,3.12214626988,668.15211617
0.759036564583,8.09056,1.568514347076416,187.588776647,5,1738.21048981,0.00992483,0.781821769858,-195.471,2280.87390429,52.7311,-195.398,185.028158309,0.09645819664001465,88,3260.3746540546417,33.34236979484558,3263.52,0.759105956359,0.759105956359,634.846851221,0.93242,185.016,0.6825447082519531,0.0737,187.577,0.0,170.591297912,3.16045073425,577.171197466
0.693327295779,8.08856,1.5337555408477783,189.384138328,5,2028.8142154,0.00998379,0.805822973122,-225.045,2438.40991431,54.0207,-224.976,187.151836064,0.08968520164489746,89,3293.701727628708,33.20860838890076,3257.0,0.695458965554,0.695458965554,623.695889839,0.932116,187.138,0.6345939636230469,0.0686798,189.372,0.0,180.194203428,3.18769080348,703.549632819
0.734805835978,8.08162,1.5930683612823486,191.948399589,5,2378.66754938,0.00642697,0.604908208208,-270.342,2497.80146144,58.5016,-270.274,190.00369877,0.10001325607299805,90,3327.4237072467804,33.59734344482422,3234.47,0.736374904558,0.736374904558,2258.48800727,0.931044,189.991,0.7435557842254639,0.0672607,191.934,0.0,177.951300066,3.21982621966,80.7964319529
0.717979645506,8.08147,1.5501346588134766,193.738539661,5,1821.7108033,0.00999139,0.725826541859,-212.84,2288.21709387,58.8454,-212.766,192.043221936,0.08956170082092285,91,3361.1639580726624,33.615498542785645,3233.97,0.71777242127,0.71777242127,731.68844233,0.93103,192.031,0.6670145988464355,0.0744476,193.719,0.0,171.756620069,3.22172155748,568.927843824
0.718956600132,8.07588,1.599848985671997,195.274057348,5,1856.71262989,0.00986035,0.781045741519,-220.602,2431.07622737,57.9482,-220.534,193.851426208,0.09714198112487793,92,3395.1379928588867,33.85305404663086,3215.96,0.717435462046,0.717435462046,298.940908682,0.93018,193.84,0.726041316986084,0.0676117,195.251,0.0,174.0010791,3.17749521051,792.133156876
0.702057712293,8.07203,1.5671658515930176,196.323168356,5,1546.36463652,0.00990946,0.821329069831,-170.578,2448.95216948,59.4529,-170.51,195.137425833,0.09146666526794434,93,3429.082006216049,33.81767511367798,3203.61,0.70152941758,0.70152941758,625.289266122,0.929614,195.127,0.6655521392822266,0.0678711,196.295,0.0,178.896892026,3.14693589413,766.836970466
0.707641716704,8.0686,1.5817065238952637,197.481811185,5,1673.57435021,0.00972264,0.842468398988,-188.414,2329.73189437,57.7252,-188.346,196.509015501,0.09219050407409668,94,3463.219657897949,34.01162767410278,3192.62,0.70888029416,0.70888029416,437.736538841,0.929106,196.496,0.6834404468536377,0.0683289,197.452,0.0,198.161951795,3.15276640738,731.84520113
0.720675323696,8.06558,1.592097282409668,199.881680966,5,2286.73673075,0.00651239,0.514067046783,-276.252,2472.94706293,58.3939,-276.193,199.102497456,0.09884405136108398,95,3498.613922595978,35.262813568115234,3182.99,0.721590478697,0.721590478697,2129.86492259,0.928641,199.09,0.7030253410339355,0.0584412,199.851,0.0,183.250718643,3.14522436818,110.007775431
0.651976475183,8.0653,1.6110312938690186,201.677849107,5,1987.44947313,0.00979705,0.730397279877,-233.406,2476.85954393,57.7513,-233.338,200.974162452,0.09798622131347656,96,3532.644749403,33.911102294921875,3182.11,0.65130126163,0.65130126163,500.032594789,0.928598,200.962,0.7178452014923096,0.0675354,201.647,0.0,194.720358143,3.1423588876,747.310948254
0.698401807099,8.05734,1.5556669235229492,203.460009986,5,2151.21822958,0.00956497,0.785143062462,-250.248,2464.51840157,66.3343,-250.177,202.803949049,0.08916831016540527,97,3566.5749957561493,33.808947801589966,3156.89,0.699294651761,0.699294651761,1149.42425152,0.927437,202.791,0.6554317474365234,0.0709534,203.435,0.0,186.399727053,3.16768452263,502.91113276
0.725736926429,8.05599,1.564760684967041,204.759011651,5,2213.93876354,0.00991985,0.71416076172,-258.064,2615.42528261,64.4333,-258.0,204.145392381,0.09582161903381348,98,3600.3802909851074,33.672539472579956,3152.61,0.725649067223,0.725649067223,1452.09545078,0.927223,204.133,0.653024435043335,0.0645142,204.734,0.0,183.92102278,3.15058764843,406.271999655
0.750833184062,8.04708,1.5845026969909668,206.348807526,5,2306.15025298,0.00640633,0.711246985853,-278.822,2412.27872014,58.1776,-278.769,205.765592975,0.09177017211914062,99,3634.238794565201,33.735373735427856,3124.67,0.751573239816,0.751573239816,2180.79198033,0.925858,205.752,0.6905851364135742,0.0527344,206.329,0.0,173.873157937,3.12143237297,78.2543123327
0.662277688599,8.04586,1.5904009342193604,208.058652238,5,2040.0215844,0.00644142,0.70729552396,-244.165,2613.54004081,64.3903,-244.108,207.402417827,0.08958220481872559,100,3667.8091626167297,33.444488763809204,3120.85,0.663350089852,0.663350089852,707.289953515,0.925688,207.391,0.6645791530609131,0.0576019,208.041,0.0,191.942692709,3.16444042374,685.716427969
0.757426396747,8.04329,1.571268081665039,209.445649345,5,2501.31580042,0.00997659,0.672698321088,-288.407,2752.98536836,68.9502,-288.322,208.791535303,0.09528541564941406,101,3701.3421370983124,33.40541100502014,3112.84,0.757468354303,0.757468354303,2054.39648928,0.925309,208.779,0.6643896102905273,0.0848999,209.429,0.0,186.313709035,3.21502032618,240.13759986
0.793106017992,8.04247,1.561154842376709,211.074020009,5,2518.00975801,0.00979616,0.797435857818,-289.793,2674.34349366,64.881,-289.72,210.379992103,0.08925509452819824,102,3734.4718477725983,33.00262141227722,3110.3,0.792237233587,0.792237233587,2309.75754036,0.925202,210.369,0.6436519622802734,0.0723877,211.057,0.0,192.832330324,3.21856580741,120.164969844
0.790032652804,8.04186,1.5720925331115723,213.289394106,5,2466.13157816,0.00991762,0.548237333123,-289.71,2542.20636709,65.0415,-289.634,212.554223209,0.09275174140930176,103,3768.118267774582,33.52354097366333,3108.4,0.790260439074,0.790260439074,2330.58156946,0.925127,212.541,0.6719300746917725,0.0757446,213.272,0.0,196.82261369,3.20462946245,89.5087710569
0.784489529795,8.04115,1.6123712062835693,215.106083881,5,2498.13932446,0.00990128,0.63331779482,-291.347,2753.33075988,61.002,-291.28,214.3206718,0.09938931465148926,104,3801.7592811584473,33.51639699935913,3106.17,0.784072795977,0.784072795977,2342.39153741,0.92503,214.308,0.7363379001617432,0.0665588,215.088,0.0,182.673104567,3.19826175666,144.526014386
0.698638765071,8.04514,1.5789945125579834,216.262836552,5,2080.14836748,0.00643836,0.569026831254,-253.006,2705.59740658,64.5012,-252.943,215.441441628,0.09313583374023438,105,3835.9558057785034,34.07171964645386,3118.59,0.698143192146,0.698143192146,1516.11948769,0.925655,215.431,0.6753823757171631,0.0631409,216.248,0.0,165.313788036,3.2265525462,454.136606339
0.73329875221,8.04157,1.5851175785064697,217.379047924,5,2224.74548591,0.00962155,0.739635009094,-264.872,2559.24366777,69.3035,-264.79,216.593378014,0.09650349617004395,106,3869.8067247867584,33.726574182510376,3107.5,0.733353944824,0.733353944824,1422.63966762,0.925112,216.581,0.6982967853546143,0.0822754,217.361,0.0,203.112117063,3.24343158125,411.934425255
0.720487749042,8.03868,1.550044298171997,218.199036234,5,2480.95444289,0.00994767,0.731262775807,-287.835,2634.89295495,74.3548,-287.762,217.427880717,0.09049272537231445,107,3903.364554166794,33.432517766952515,3098.52,0.722116493627,0.722116493627,2395.00212839,0.924689,217.417,0.6460866928100586,0.0726929,218.186,0.0,197.947031563,3.30111770847,92.0801883516
0.74708210354,8.03654,1.5508785247802734,219.31805932,5,2080.76232051,0.00973539,0.663015116584,-244.904,2642.79279878,71.0104,-244.834,218.570054807,0.09170389175415039,108,3937.04390001297,33.55732226371765,3091.89,0.746727744205,0.746727744205,410.815425964,0.924368,218.558,0.6349153518676758,0.06987,219.303,0.0,184.345927977,3.29732378618,840.589441274
0.717255285972,8.03507,1.6081502437591553,220.181073587,5,2187.57752252,0.00998046,0.848103264977,-252.087,2771.51702617,75.2533,-252.016,219.431762875,0.09820246696472168,109,3970.9195840358734,33.75187945365906,3087.35,0.717848480943,0.717848480943,655.095155872,0.924171,219.419,0.690007209777832,0.0718079,220.166,0.0,178.007446175,3.37040391876,773.35061401
0.766337173457,8.0316,1.569624900817871,221.86041764,5,2542.43768006,0.00640254,0.665992843125,-299.421,2688.44610976,74.3151,-299.366,221.119011184,0.09441900253295898,110,4004.6821200847626,33.64113235473633,3076.67,0.767764574741,0.767764574741,2228.38737047,0.923657,221.108,0.6449356079101562,0.0551758,221.846,0.0,187.336788438,3.36261233724,166.601665978
0.781566435032,8.02738,1.7824461460113525,223.313848601,5,2472.15509145,0.00993783,0.766002132509,-297.529,2580.43921736,69.2733,-297.469,222.542038548,0.12089133262634277,111,4040.3276493549347,35.50933599472046,3063.71,0.782389597354,0.782389597354,2336.86241151,0.923041,222.529,0.9084775447845459,0.0606995,223.296,0.0,190.696082445,3.32613662855,99.678668125
0.67254163496,8.02747,1.560521125793457,224.769660364,5,2207.40376761,0.00994342,0.724194777212,-266.443,2610.23467485,78.086,-266.366,223.996375642,0.09133648872375488,112,4074.816200017929,34.363901138305664,3063.97,0.672559776456,0.672559776456,1344.89345436,0.923072,223.984,0.6484580039978027,0.0773315,224.752,0.0,189.703050522,3.38187319856,450.979386904
0.72824803062,8.02938,1.5972635746002197,225.899747567,5,2626.19058818,0.00994519,0.700646138506,-303.931,2772.02459494,76.6221,-303.86,225.108870023,0.09830522537231445,113,4109.830803155899,34.88560914993286,3069.83,0.729415321647,0.729415321647,2516.56024995,0.923405,225.096,0.7194914817810059,0.070282,225.883,0.0,205.795600912,3.37689766681,89.0621166289
0.787885528223,8.02751,1.715564489364624,227.269243479,5,2608.54648024,0.0098248,0.681530980529,-303.327,2862.12369192,71.5359,-303.258,226.426409315,0.11354923248291016,114,4145.345188617706,35.37576675415039,3064.1,0.787656130437,0.787656130437,2278.23103178,0.923133,226.415,0.85481858253479,0.0688171,227.254,0.0,206.838752926,3.33190969928,190.911465661
0.698892525937,8.02515,1.7083418369293213,228.390026278,5,2124.47550243,0.00991393,0.588284517253,-261.119,2493.88223205,75.0213,-261.058,227.527171088,0.1128232479095459,115,4180.290087938309,34.806031942367554,3056.89,0.699398811279,0.699398811279,962.037443072,0.922821,227.515,0.8380818367004395,0.0606384,228.373,0.0,189.417413627,3.40816242972,584.49522781
0.723923411914,8.02306,1.7176225185394287,229.897456276,5,2607.75464658,0.00999174,0.74446690007,-305.739,2864.73314178,73.1622,-305.677,229.021717694,0.1146700382232666,116,4216.441999197006,36.01345205307007,3050.51,0.726617288107,0.726617288107,2392.99508913,0.922552,229.011,0.8517816066741943,0.0626221,229.883,0.0,205.846379828,3.41083928034,162.695966015
0.757121563774,8.02665,1.5583651065826416,231.603503791,5,2429.95911492,0.00641321,0.6937376719,-291.714,2713.52577132,77.5408,-291.659,230.723595935,0.0870051383972168,117,4251.309210777283,34.73965764045715,3061.46,0.757440065491,0.757440065491,2037.41586728,0.923126,230.711,0.6547257900238037,0.0545959,231.586,0.0,194.351780752,3.44144734107,258.002665746
0.746125209996,8.02549,1.6301121711730957,232.852946686,5,2602.09240839,0.00998405,0.790220941271,-307.174,2707.86789314,82.4458,-307.106,231.975517714,0.10493159294128418,118,4286.674174785614,35.240673303604126,3057.92,0.746090474235,0.746090474235,2483.46733305,0.922982,231.964,0.7698626518249512,0.068573,232.837,0.0,209.399906859,3.43324869251,71.8367546874
0.595696898685,8.02387,1.682548999786377,233.336763123,5,2397.05633193,0.00985131,0.54837189151,-281.282,2816.33392763,77.9007,-281.204,232.477610268,0.11282730102539062,119,4322.67346072197,35.8698353767395,3052.96,0.596212626242,0.596212626242,1535.63517211,0.922781,232.465,0.8120803833007812,0.0779419,233.319,0.0,209.836401079,3.42841923656,445.466348003
0.748914875665,8.02833,1.6083760261535645,234.816673028,5,2495.79857564,0.00981062,0.614898043488,-302.776,2709.90124344,78.5489,-302.707,233.93079405,0.10030317306518555,120,4356.993947505951,34.189247369766235,3066.61,0.749321777021,0.749321777021,2083.81549494,0.923484,233.918,0.7286276817321777,0.068512,234.799,0.0,215.923260599,3.46740477901,234.13930522
0.648910392901,8.02733,1.7323875427246094,234.705507251,5,1414.24758298,0.00977591,-5.54596345594,-166.899,2734.93619986,83.3756,-166.829,233.653599527,0.11013436317443848,121,4392.506543397903,35.36755657196045,3063.55,0.648907726408,0.648907726408,-4.32538274753,0.923417,233.642,0.8368358612060547,0.0701904,234.688,0.0,176.816612885,3.49736511586,1090.78581912
0.69049290494,8.03638,1.6827101707458496,235.833831169,5,2576.04615763,0.0098238,0.387220420365,-308.218,2751.44468458,80.639,-308.153,234.737490335,0.11390423774719238,122,4427.127482652664,34.49192523956299,3091.4,0.689480463595,0.689480463595,2471.05368767,0.924872,234.724,0.8259849548339844,0.0649109,235.816,0.0,196.794297217,3.49410599247,103.190454213
0.712622300242,8.03427,1.6489176750183105,236.699510613,5,2216.42379311,0.00994994,0.750383156088,-260.372,2772.99816288,70.1293,-260.305,235.662101349,0.1092672348022461,123,4464.7231550216675,37.46631908416748,3084.87,0.712753464244,0.712753464244,770.507634003,0.924612,235.653,0.7678649425506592,0.0662842,236.686,0.0,202.769517605,3.40105478528,739.733785343
0.704965248071,8.03444,1.6621239185333252,237.814199607,5,2658.60244324,0.00995968,0.735918691534,-312.063,2736.50726616,85.4261,-312.005,236.766341539,0.10345053672790527,124,4500.636189699173,35.77747321128845,3085.41,0.705408352571,0.705408352571,2569.06465241,0.924663,236.755,0.8050956726074219,0.0578613,237.798,0.0,188.663564487,3.53916353438,57.77165458
0.690299986996,8.02758,1.616328239440918,237.892706746,5,1827.58772769,0.00661439,0.748476224549,-214.566,2731.17425947,76.2273,-214.518,236.834904289,0.09459543228149414,125,4535.128646612167,34.35981750488281,3064.31,0.690281685891,0.690281685891,308.35866797,0.923635,236.824,0.742682933807373,0.0479126,237.877,0.0,172.147842522,3.4392509909,876.747748558
0.666296252801,8.02721,1.543046474456787,238.946590626,5,2268.60298791,0.00998128,0.767411296375,-271.934,2940.49756778,78.9453,-271.863,237.937532475,0.09192538261413574,126,4569.4094495773315,34.15564680099487,3063.17,0.667239948802,0.667239948802,1097.4672893,0.923598,237.923,0.6753039360046387,0.071167,238.925,0.0,217.984520041,3.47307330428,619.128180297
0.732515118401,8.02472,1.50836181640625,240.041746439,5,2479.82526287,0.00993408,0.726923421114,-294.001,2831.75372454,86.1429,-293.931,238.993179253,0.0842885971069336,127,4603.861239910126,34.331340074539185,3055.57,0.732516230804,0.732516230804,2029.85229992,0.923262,238.982,0.627429723739624,0.0697327,240.025,0.0,210.34322602,3.50542619419,273.866692243
0.729061978582,8.0218,1.6149287223815918,241.512681922,5,2310.0425838,0.00641777,0.829505557683,-271.362,2879.7908717,71.787,-271.305,240.510945949,0.10724020004272461,128,4638.4438445568085,34.463172912597656,3046.64,0.730254373004,0.730254373004,764.695612089,0.922852,240.498,0.773644208908081,0.0571594,241.494,0.0,217.886829504,3.4002279565,779.103692657
0.723188289882,8.01902,1.576526403427124,242.413211914,5,2720.96274329,0.00640591,0.642038875309,-318.445,2892.5799624,82.3137,-318.391,241.366585168,0.10109806060791016,129,4672.683057308197,34.11075305938721,3038.21,0.722204546872,0.722204546872,2419.91500979,0.922508,241.355,0.7132701873779297,0.0539551,242.396,0.0,188.981476845,3.47737768874,172.11759083
0.691399221253,8.01489,1.5875294208526611,243.597998925,5,2395.95861425,0.00980148,0.737865182428,-281.117,2991.25267042,76.6952,-281.065,242.535400835,0.09717869758605957,130,4708.02322268486,35.207608222961426,3025.69,0.691132461806,0.691132461806,1029.41726004,0.921865,242.524,0.7203574180603027,0.0516663,243.581,0.0,217.155556531,3.45937970161,712.914902823
0.710894999056,8.01306,1.5964524745941162,245.201146691,5,2504.59687811,0.00642029,0.689032790721,-308.71,2792.23113791,82.9703,-308.657,244.135225617,0.10250711441040039,131,4744.029122829437,35.88232398033142,3020.15,0.710022157577,0.710022157577,2251.87065408,0.921584,244.122,0.7706799507141113,0.0527954,245.182,0.0,200.975878202,3.53191449303,205.05950657
0.748755475203,8.00955,1.587486982345581,245.824670953,5,2691.18506677,0.00642428,0.800631116051,-319.776,2872.03273999,84.891,-319.725,244.789243859,0.09891080856323242,132,4778.219854354858,34.06416606903076,3009.56,0.750355195357,0.750355195357,2509.499975,0.92104,244.776,0.7663590908050537,0.051239,245.807,0.0,208.412087153,3.53185118362,118.703962887
0.700785843708,8.00543,1.616673231124878,246.038471146,5,1827.51447087,0.00644144,0.700326391896,-218.058,2660.98686709,78.9885,-218.004,244.979938822,0.10875463485717773,133,4813.205560922623,34.86425065994263,2997.2,0.701595210604,0.701595210604,1113.22691299,0.92046,244.969,0.7693474292755127,0.0538788,246.024,0.0,199.757748431,3.46113390051,642.957498446
0.677464615459,8.00502,1.5641624927520752,246.729572128,5,2462.77398044,0.00662295,0.748333820882,-284.422,2847.95274543,80.7978,-284.372,245.701463638,0.09583306312561035,134,4847.785487174988,34.45811319351196,2995.96,0.67681456928,0.67681456928,2031.50491067,0.920403,245.69,0.6856052875518799,0.04953,246.713,0.0,226.419306703,3.45630933105,272.420636053
0.775542203888,8.0069,1.657454490661621,247.676393427,5,2548.07970225,0.00982714,0.604889757404,-312.991,2619.20112402,78.5962,-312.911,246.696563562,0.10783243179321289,135,4881.420050859451,33.49509358406067,3001.59,0.775811942952,0.775811942952,2476.0502974,0.920769,246.684,0.845813512802124,0.0793762,247.658,0.0,208.169851172,3.45927398264,46.6020013627
0.775477387084,8.00304,1.5522174835205078,248.361354631,5,2730.48908536,0.00987511,0.780931540347,-324.841,2836.55887512,80.1862,-324.779,247.420161614,0.08452963829040527,136,4914.884244918823,33.34860277175903,2990.05,0.775095545494,0.775095545494,2660.99285635,0.920202,247.409,0.6472406387329102,0.0620728,248.345,0.0,210.120505722,3.45033904557,61.3325098391
0.706911483356,8.00282,1.5677931308746338,249.658132512,5,2658.53054866,0.00641825,0.767929693791,-306.54,3072.23093155,94.5504,-306.491,248.771858961,0.09540987014770508,137,4948.255014896393,33.253841400146484,2989.39,0.707067143603,0.707067143603,2032.1542077,0.920175,248.759,0.6838059425354004,0.049408,249.64,0.0,215.08972931,3.57575058115,358.578841652
0.754896929449,8.00147,1.5476367473602295,250.493731099,5,2691.72591245,0.00997097,0.737055525726,-322.53,2884.33455472,82.5136,-322.476,249.595604676,0.0907278060913086,138,4981.5879855155945,33.20984864234924,2985.35,0.755784898521,0.755784898521,2507.4905928,0.919976,249.585,0.6457085609436035,0.0548096,250.479,0.0,207.618485313,3.49301981149,149.692364265
0.663580786809,7.99864,1.598677635192871,251.709454543,5,2452.33004429,0.00995591,0.756767255079,-295.371,2797.53242537,85.2073,-295.301,250.7867795,0.09875774383544922,139,5015.553860425949,33.84122014045715,2976.92,0.665140199826,0.665140199826,1535.00105907,0.919576,250.775,0.7179818153381348,0.0694885,251.694,0.0,235.909180176,3.5107910513,467.78432042
0.725597434698,7.99591,1.574357271194458,251.823558722,5,2309.32769094,0.00651387,0.806447019907,-267.453,2739.64646407,83.0277,-267.408,250.942296871,0.0901038646697998,140,5049.295112133026,33.614428758621216,2968.8,0.72536887666,0.72536887666,1547.71910526,0.919169,250.932,0.681689977645874,0.0453186,251.809,0.0,197.505209003,3.45050420145,434.939677859
0.719406817231,7.99105,1.599823236465454,252.685778954,5,2497.14665712,0.0096605,0.749447051498,-295.587,2870.48096847,86.6363,-295.521,251.835708523,0.09714007377624512,141,5083.049741983414,33.630239486694336,2954.4,0.718021435645,0.718021435645,1535.35909935,0.918426,251.826,0.7033553123474121,0.0657043,252.672,0.0,214.656349434,3.45554483795,490.139147598
0.724498213395,7.98882,1.5985193252563477,252.744262695,5,1977.86245758,0.00643993,0.819332277779,-236.228,2975.29921123,87.5535,-236.176,251.964725396,0.09772682189941406,142,5116.6732177734375,33.49929451942444,2947.81,0.723987434028,0.723987434028,748.855593059,0.918088,251.955,0.7183144092559814,0.0516205,252.731,0.0,193.951515695,3.46941455674,924.064046257
0.736123890546,7.98801,1.5590460300445557,253.553009129,5,2792.40735325,0.00990534,0.598169126207,-327.429,3157.3651868,82.2556,-327.37,252.735171281,0.08637452125549316,143,5150.084520339966,33.28913474082947,2945.44,0.737154202296,0.737154202296,2450.57936448,0.918,252.725,0.620492696762085,0.0586243,253.538,0.0,217.016735494,3.46484087014,226.843849756
0.609502369465,7.98517,1.5944981575012207,254.074738994,5,2500.49145452,0.00977581,0.554688738252,-297.656,2811.82587178,76.4749,-297.597,253.290968994,0.09992241859436035,144,5183.578866958618,33.36703705787659,2937.07,0.610380560033,0.610380560033,1511.60857146,0.917613,253.279,0.7212378978729248,0.0589905,254.059,0.0,219.719906304,3.41112587665,497.453879039
0.698130549696,7.98617,1.5810625553131104,254.202745452,5,1963.79929767,0.00655729,0.792634712542,-244.102,2702.04429157,80.7976,-244.056,253.4759383,0.09514403343200684,145,5217.041187047958,33.34150838851929,2940.01,0.697992859706,0.697992859706,797.706505743,0.917832,253.466,0.6842763423919678,0.0456085,254.19,0.0,197.32893398,3.45664438484,837.175962347
0.736797143402,7.98528,1.5839176177978516,254.992316119,5,2582.7177391,0.00999281,0.728277058192,-299.772,2969.13180951,85.0792,-299.703,254.359163018,0.09539008140563965,146,5250.796286582947,33.63189339637756,2937.41,0.736472781528,0.736472781528,1777.62418876,0.917712,254.348,0.7038140296936035,0.0690613,254.979,0.0,222.13473156,3.47777665788,428.689996734
0.725501948447,7.98299,1.5934832096099854,255.266772878,5,2084.62246172,0.00658694,0.814342648329,-248.75,2797.14940639,93.9248,-248.679,254.657114825,0.09642481803894043,147,5284.763282775879,33.83944869041443,2930.68,0.725093728543,0.725093728543,490.802307036,0.917369,254.647,0.7033491134643555,0.0708618,255.253,0.0,179.610718866,3.55021682675,854.029090496
0.67776878476,7.98082,1.5879848003387451,255.744376027,5,2538.03102915,0.00989792,0.793256302701,-290.24,2934.63337605,86.6918,-290.185,255.197240495,0.09681892395019531,148,5318.350150346756,33.46474289894104,2924.31,0.677532358023,0.677532358023,2091.17183357,0.917054,255.187,0.6899006366729736,0.0558167,255.732,0.0,228.092164958,3.50449687983,329.016161766
0.750681464478,7.98401,1.5927248001098633,255.993583138,5,2454.50037261,0.00650382,0.799530141725,-285.113,2995.40401412,88.3338,-285.063,255.410977851,0.0979471206665039,149,5351.8083782196045,33.33494305610657,2933.67,0.750574171186,0.750574171186,876.984477718,0.917552,255.401,0.7121052742004395,0.0503235,255.98,0.0,222.114624671,3.52477523449,804.715269011
0.704757361997,7.97999,1.5724842548370361,256.984298451,5,2594.03052162,0.00645559,0.751386054475,-310.294,2977.17611805,90.1425,-310.248,256.380320523,0.09402751922607422,150,5385.343935012817,33.41219425201416,2921.89,0.70476967653,0.70476967653,1963.70655099,0.916948,256.369,0.6737074851989746,0.0464783,256.97,0.0,203.933511961,3.52098587646,338.333247602
0.742298734265,7.97778,1.5805363655090332,257.036060974,5,2260.03725693,0.00989885,0.766954315588,-269.66,3013.31769499,83.3084,-269.607,256.462969652,0.09519577026367188,151,5419.05532002449,33.58514618873596,2915.46,0.742015562733,0.742015562733,1528.39093634,0.916663,256.452,0.6780052185058594,0.0532227,257.023,0.0,187.320800335,3.46621191227,591.919493114
0.740464072496,7.97636,1.5844361782073975,258.049277357,5,2699.59518979,0.00968416,0.700811322259,-319.474,3041.92362884,90.7897,-319.417,257.525405517,0.09642577171325684,152,5453.024212598801,33.84446430206299,2911.31,0.740622516734,0.740622516734,2267.36535216,0.916412,257.516,0.6827816963195801,0.0574036,258.038,0.0,219.16021444,3.52623673977,268.809624265
0.719919113087,7.97441,1.5588481426239014,258.611302969,5,2527.00451399,0.00971965,0.765001422073,-297.863,2999.53326545,91.5892,-297.811,258.071523294,0.0853269100189209,153,5486.965755224228,33.81899070739746,2905.65,0.721155153483,0.721155153483,1392.61582588,0.916129,258.059,0.6506423950195312,0.0515442,258.597,0.0,196.838730542,3.56750994835,578.997981357
0.717555834822,7.96748,1.5644185543060303,258.908984521,5,2564.57455327,0.00644903,0.771271374206,-301.56,3059.36681332,88.4574,-301.514,258.353354987,0.08937335014343262,154,5520.3460030555725,33.24981999397278,2885.59,0.717751470272,0.717751470272,1524.68449173,0.91507,258.344,0.6389529705047607,0.0458374,258.897,0.0,200.062148124,3.54806129081,544.263437515
0.710728656422,7.96791,1.5580906867980957,259.371489942,5,2152.82500241,0.00643054,0.772070170243,-260.574,3109.7632661,87.6155,-260.528,258.929489048,0.08952021598815918,155,5553.255236625671,32.79119539260864,2886.82,0.710764860831,0.710764860831,1123.10655396,0.915173,258.919,0.6217868328094482,0.0457153,259.359,0.0,213.957576196,3.56099783155,723.265473022
0.714970504762,7.96731,1.569223403930664,259.826031763,5,2830.09220757,0.00998553,0.572555189153,-332.073,2895.03558639,85.7572,-332.019,259.431711068,0.09157824516296387,156,5586.288321971893,32.90911388397217,2885.1,0.714358078826,0.714358078826,2746.41011933,0.915112,259.421,0.6508843898773193,0.0533142,259.814,0.0,206.251284528,3.53594098969,53.7548745847
0.766545749277,7.97118,1.5586695671081543,261.033504397,5,2823.40033657,0.00985751,0.786588203552,-331.788,3108.06110342,91.8794,-331.727,260.659159033,0.09221363067626953,157,5619.188006401062,32.77888774871826,2896.27,0.767538579653,0.767538579653,2646.42259998,0.915774,260.648,0.658238410949707,0.0613708,261.02,0.0,202.914652297,3.59936811658,153.151070874
0.76467093248,7.97104,1.5373446941375732,261.663149248,5,2835.41697017,0.00639948,0.767440411552,-333.249,2942.89365558,96.5434,-333.202,261.298496683,0.0887458324432373,158,5652.424786329269,33.11347818374634,2895.86,0.763381741383,0.763381741383,2662.33615723,0.915802,261.289,0.6287508010864258,0.0470581,261.652,0.0,219.488001209,3.61834664942,110.129082492
0.690778837386,7.97351,1.548891305923462,262.835354827,5,2892.53618987,0.00997817,0.698118531103,-322.858,3154.06459968,92.7137,-322.797,262.498049416,0.08580803871154785,159,5685.457946538925,32.912869930267334,2903.04,0.690914853083,0.690914853083,2297.3279154,0.916227,262.486,0.6267778873443604,0.0612183,262.823,0.0,233.210710805,3.6009151123,305.279685524
0.744283981385,7.97123,1.556408405303955,263.053013003,5,2833.46093218,0.00996615,0.822373658861,-327.114,3174.16659545,94.6444,-327.065,262.72447165,0.090423583984375,160,5718.333774328232,32.75531578063965,2896.43,0.744406748068,0.744406748068,2598.90358485,0.91591,262.716,0.639965295791626,0.0486145,263.043,0.0,226.525681873,3.56411354478,217.827755007
0.774621928888,7.96895,1.5809051990509033,263.818916501,5,2838.64291139,0.00966806,0.705370313603,-333.847,2918.8064333,93.747,-333.788,263.483320086,0.09585309028625488,161,5751.4675850868225,33.01028561592102,2889.81,0.775644467083,0.775644467083,2733.4157793,0.915588,263.472,0.6697607040405273,0.0594177,263.807,0.0,219.178891228,3.57215836981,69.7932873198
0.745507728101,7.96554,1.5752079486846924,263.627556787,5,2030.05093118,0.0098344,0.723837885147,-240.848,2833.54139365,98.1419,-240.789,263.301226658,0.08900976181030273,162,5784.561885595322,32.972247838974,2879.99,0.745646696774,0.745646696774,803.21787978,0.915067,263.29,0.634788990020752,0.0585175,263.615,0.0,197.861312359,3.6019324838,948.484104679
0.721830887101,7.96584,1.626985788345337,264.363571673,5,2848.32008531,0.0065863,0.6270143932,-332.179,3234.95178,97.4695,-332.122,264.007098794,0.10572361946105957,163,5818.407122373581,33.72427558898926,2880.84,0.722224847612,0.722224847612,2512.04251668,0.915177,263.995,0.7432999610900879,0.0565796,264.35,0.0,188.887595011,3.61533974191,290.637204503
0.582608234202,7.96458,1.5813779830932617,264.36050912,5,2765.03666836,0.00656061,0.630500328111,-304.257,3175.61269352,93.4604,-304.192,264.003892707,0.09271955490112305,164,5851.542055606842,33.01399493217468,2877.23,0.583399631362,0.583399631362,1391.11625323,0.914979,263.994,0.6801831722259521,0.065033,264.348,0.0,253.177475766,3.5884434421,687.834761148
0.706189679576,7.96236,1.564680814743042,264.709652344,5,2343.53522749,0.00986341,0.807609435494,-269.81,3135.76463593,95.531,-269.751,264.366975251,0.09372663497924805,165,5884.627110719681,32.95880627632141,2870.83,0.706238091566,0.706238091566,1066.5211202,0.91464,264.357,0.6466634273529053,0.0584412,264.698,0.0,215.779709468,3.61954953267,804.395220368
0.707331529904,7.96033,1.5544350147247314,265.649690147,5,2965.15684658,0.00967506,0.699212259944,-337.409,3112.22523401,99.7757,-337.348,265.283911713,0.09258079528808594,166,5917.442910671234,32.694546937942505,2865.01,0.708841327223,0.708841327223,2870.79640915,0.914414,265.274,0.6342675685882568,0.0603027,265.637,0.0,225.208762213,3.63888995379,84.0886657938
0.695635369051,7.96397,1.5547611713409424,266.129634788,5,2469.55535078,0.00641337,0.666997211407,-288.541,3094.63664147,94.1305,-288.482,265.778330941,0.08586955070495605,167,5950.366170883179,32.80576133728027,2875.48,0.695947823695,0.695947823695,834.391290473,0.915001,265.77,0.6301734447479248,0.0597534,266.119,0.0,216.703636853,3.60222966826,831.706194982
0.737974586806,7.965,1.5546214580535889,266.514216291,5,2826.35585004,0.00987331,0.739415687305,-334.163,3036.24741873,91.888,-334.103,266.161964943,0.09486889839172363,168,5983.600196838379,33.11151337623596,2878.43,0.738191410654,0.738191410654,2528.43158228,0.915168,266.152,0.6577372550964355,0.0593872,266.502,0.0,202.35708604,3.59112320714,171.506783368
0.762924275639,7.9611,1.5688612461090088,267.201483591,5,2970.10708708,0.0099879,0.79554089759,-339.569,3105.06866534,97.557,-339.506,266.843524281,0.08707237243652344,169,6017.496812582016,33.77416706085205,2867.23,0.763205827188,0.763205827188,2809.08210987,0.914585,266.833,0.650667667388916,0.0625916,267.19,0.0,234.602471074,3.60809995484,107.304981302
0.741204467341,7.96025,1.5689303874969482,267.694787533,5,2905.88874188,0.00652534,0.752844724321,-336.866,3149.05999607,97.9255,-336.824,267.323487016,0.09217071533203125,170,6050.706174612045,33.08637738227844,2864.8,0.742966472664,0.742966472664,2743.96689515,0.914478,267.314,0.6764082908630371,0.0411682,267.682,0.0,230.063759639,3.56810642966,152.717271557
0.558099697631,7.95824,1.5653634071350098,268.421773707,5,2522.07987708,0.00987019,0.418575004982,-289.011,3111.03653004,89.4218,-288.954,268.037860685,0.09087967872619629,171,6083.947956800461,33.121257066726685,2859.03,0.558982637784,0.558982637784,695.984620753,0.91421,268.028,0.6250474452972412,0.0578918,268.41,0.0,228.726381694,3.4918571313,917.309126633
0.710124414357,7.95607,1.5839996337890625,268.734622468,5,2934.24976833,0.00655789,0.790370428636,-338.719,3049.76043719,98.2706,-338.681,268.353233308,0.09380269050598145,172,6117.105766773224,33.036601305007935,2852.85,0.709612197916,0.709612197916,2706.15056899,0.913865,268.342,0.6536698341369629,0.0383301,268.722,0.0,226.488170211,3.54870847797,121.917957445
0.764841232578,7.95284,1.5487101078033447,268.742810369,5,2875.63828915,0.00994611,0.868164486558,-337.606,3103.82560429,97.0032,-337.524,268.358323933,0.09036135673522949,173,6150.443975687027,33.21307969093323,2843.63,0.764253747555,0.764253747555,2767.66393864,0.913389,268.35,0.6502110958099365,0.0814209,268.733,0.0,227.985100597,3.51998570848,122.687025653
0.75406264235,7.94694,1.5600569248199463,269.448226353,5,3023.9967838,0.00652533,0.812977314271,-339.071,3211.91542203,92.3063,-338.999,269.089198825,0.08808183670043945,174,6183.30517911911,32.7442831993103,2826.92,0.753528805597,0.753528805597,2739.22149612,0.912552,269.081,0.6582083702087402,0.0725403,269.439,0.0,232.489971818,3.50524808643,162.970089081
0.746374236982,7.94363,1.5684325695037842,269.444251831,5,2857.45424231,0.00975262,0.844534599775,-336.923,3070.84108436,101.837,-336.847,269.118206596,0.08700394630432129,175,6216.358661174774,32.934056997299194,2817.58,0.746318827972,0.746318827972,2694.84774398,0.912075,269.108,0.621025800704956,0.0763245,269.433,0.0,212.386751566,3.55854229745,134.946263025
0.672452941648,7.94343,1.5411736965179443,269.529093262,5,2613.71310177,0.00656214,0.740694256459,-292.252,3140.12405332,87.5395,-292.206,269.217935584,0.08299803733825684,176,6249.1823387146,32.70575523376465,2817.01,0.673488069937,0.673488069937,912.438182882,0.91208,269.21,0.616023063659668,0.0453796,269.519,0.0,226.910241044,3.51529392294,854.176973258
0.672798026973,7.94156,1.553818702697754,269.47013357,5,2614.36672661,0.00662281,0.83748760585,-298.234,3218.59911819,101.252,-298.193,269.156418064,0.08972740173339844,177,6281.917021751404,32.608644247055054,2811.75,0.674689474403,0.674689474403,952.477025227,0.911791,269.147,0.6253135204315186,0.0410767,269.459,0.0,232.776350423,3.59754725535,841.184330712
0.687272639574,7.93392,1.559816837310791,269.832580964,5,2474.75663684,0.00978441,0.875280918698,-282.789,3052.25978083,85.0843,-282.73,269.571429837,0.08911466598510742,178,6314.838730812073,32.80032968521118,2790.34,0.689295633587,0.689295633587,412.452530652,0.910594,269.563,0.6347792148590088,0.0588989,269.823,0.0,187.094549931,3.51926140419,1031.94839244
0.657988018872,7.93277,1.5482177734375,270.02390766,5,2060.32074496,0.00642716,0.845280118897,-239.086,3110.76156822,91.3432,-239.043,269.815905288,0.08907341957092285,179,6347.500782728195,32.54628276824951,2787.14,0.658081443435,0.658081443435,441.864032964,0.910459,269.806,0.6309354305267334,0.043045,270.015,0.0,205.77318682,3.54232773476,1119.66556311
0.688182951199,7.92976,1.5594534873962402,269.941591705,5,2302.30527851,0.00642905,0.736689987767,-267.661,3091.71380983,90.6684,-267.616,269.754356017,0.09445905685424805,180,6380.2675931453705,32.64740777015686,2778.76,0.687687212444,0.687687212444,1496.76778271,0.909984,269.746,0.6630878448486328,0.0448608,269.937,0.0,233.134611524,3.49328456426,607.735271128
0.706131137957,7.92719,1.5525381565093994,270.184299067,5,2899.91956903,0.00977777,0.488343434775,-338.089,3067.73205446,98.2583,-338.03,269.995446799,0.09444570541381836,181,6413.368048429489,32.98009777069092,2771.62,0.707137542823,0.707137542823,2773.04951379,0.909612,269.988,0.6379964351654053,0.0593262,270.178,0.0,226.117888137,3.53407114019,113.360430895
0.761799764027,7.92271,1.618957281112671,271.129958971,5,3061.46185057,0.00645836,0.837394142917,-339.178,3130.46303742,107.419,-339.126,270.944874176,0.1042947769165039,182,6448.509216308594,35.01574635505676,2759.25,0.761556923889,0.761556923889,2976.43776454,0.908933,270.936,0.7539141178131104,0.0523376,271.121,0.0,224.574644008,3.59944150447,56.2986682024
0.737589310651,7.92318,1.6104817390441895,271.160650818,5,2876.65106876,0.00649075,0.794910072186,-336.93,3082.43199953,88.8169,-336.881,270.972400953,0.09901618957519531,183,6483.240753650665,34.59475040435791,2760.54,0.738479261465,0.738479261465,2624.44576273,0.909034,270.963,0.7523653507232666,0.0499573,271.151,0.0,211.529710304,3.42286518007,166.737140992
0.767698914144,7.92305,1.5024864673614502,272.263567915,5,3010.24432606,0.00996814,0.818371970994,-341.897,3265.67923398,93.527,-341.848,272.062493897,0.08649063110351562,184,6516.930539369583,33.56589698791504,2760.19,0.768354605845,0.768354605845,2836.55008265,0.90902,272.052,0.6355364322662354,0.0494385,272.253,0.0,232.49452504,3.51071962782,172.672054044
0.633343637088,7.9184,1.5215601921081543,272.207353528,5,2667.29395715,0.00961122,0.638134520574,-315.625,2960.12850687,98.7592,-315.56,271.97510864,0.09602904319763184,185,6550.2126433849335,33.16608238220215,2747.36,0.633812814626,0.633812814626,1924.31100783,0.908376,271.968,0.6449363231658936,0.0651855,272.199,0.0,225.401834254,3.51757631117,394.584280889
0.744780748174,7.92017,1.533172845840454,272.203278782,5,2009.76273931,0.00642648,0.788484039672,-237.941,3188.70470015,94.4445,-237.897,271.965419192,0.0955047607421875,186,6583.141259670258,32.80030179023743,2752.24,0.745489550866,0.745489550866,506.043405993,0.908657,271.958,0.7260231971740723,0.0443115,272.195,0.0,191.07882153,3.46784976028,1139.80150434
0.639974179171,7.92175,1.4963090419769287,272.783287521,5,2542.20463999,0.00995023,0.825194867199,-290.913,3104.49665886,103.734,-290.864,272.574952829,0.09179186820983887,187,6616.253505945206,32.995665311813354,2756.59,0.639358426897,0.639358426897,749.048488719,0.908948,272.563,0.6432478427886963,0.0490723,272.771,0.0,226.652588228,3.5452425292,898.723745249
0.668887627887,7.92107,1.5465848445892334,273.127456413,5,2554.65353651,0.00993749,0.861638319959,-288.703,3086.61307374,97.9684,-288.649,272.920841921,0.10082817077636719,188,6649.443384885788,33.0702862739563,2754.71,0.669768813588,0.669768813588,651.553384692,0.908841,272.912,0.7119405269622803,0.0540466,273.119,0.0,230.847900473,3.51296395097,953.075894681
0.682512714525,7.91816,1.5381579399108887,273.036226388,5,2856.27570484,0.00985439,0.776803214763,-327.296,3060.00521425,97.4832,-327.226,272.833621289,0.09348440170288086,189,6682.181961297989,32.62201166152954,2746.71,0.683053958776,0.683053958776,2375.68503116,0.908449,272.826,0.6902256011962891,0.0704346,273.027,0.0,225.485764972,3.47515097572,259.731023931
0.747102209198,7.91747,1.5015339851379395,273.595810963,5,2964.50875973,0.00644435,0.802054460154,-337.327,3173.70572238,98.4991,-337.285,273.388772788,0.08896684646606445,190,6714.79950761795,32.489619970321655,2744.83,0.745904773261,0.745904773261,2844.94713707,0.908366,273.376,0.6425507068634033,0.041748,273.583,0.0,226.302570713,3.50364763775,116.60000848
0.755891206881,7.91589,1.5426890850067139,273.733312966,5,2964.81513325,0.00651633,0.779397053493,-341.978,3188.54068576,85.296,-341.932,273.537517408,0.09411191940307617,191,6747.816298484802,32.901532888412476,2740.47,0.756840752207,0.756840752207,2759.88599407,0.908169,273.53,0.6781158447265625,0.04599,273.725,0.0,224.237347047,3.39482261573,169.137461899
0.668989242213,7.91357,1.5114548206329346,274.367392728,5,2704.64309818,0.00643614,0.735669070386,-311.781,2961.63364396,98.5695,-311.717,274.174704436,0.08621001243591309,192,6780.719869375229,32.78427863121033,2734.14,0.669452938409,0.669452938409,1980.25260084,0.907863,274.167,0.6386566162109375,0.0640259,274.359,0.0,226.590370726,3.48448425621,376.116805883
0.723490786021,7.90912,1.538820743560791,275.116160692,5,2893.85688406,0.00952686,0.645623666532,-340.303,3253.39960695,101.266,-340.258,274.915966391,0.08589768409729004,193,6813.766048908234,32.923752784729004,2722.01,0.723599039456,0.723599039456,2600.40789948,0.907225,274.908,0.6376290321350098,0.0456848,275.108,0.0,230.254046388,3.51657224061,262.495940936
0.60113685024,7.90613,1.5229465961456299,274.869408603,5,2641.32345044,0.00987923,0.597062856815,-305.002,3034.11569787,94.6999,-304.94,274.672311908,0.09432077407836914,194,6847.0110476017,33.12562012672424,2713.88,0.60226616073,0.60226616073,2049.37088517,0.906815,274.663,0.6396093368530273,0.0614014,274.859,0.0,211.20849285,3.50090589221,400.607676885
0.698451597714,7.90278,1.5629034042358398,275.295129349,5,2876.65132152,0.00975462,0.672769019776,-340.517,3162.95167133,98.0579,-340.455,275.130904549,0.10300254821777344,195,6881.182389497757,34.05664110183716,2704.78,0.69882735083,0.69882735083,2679.74881676,0.906307,275.122,0.6978566646575928,0.0622253,275.286,0.0,236.837507172,3.49558444551,160.501529067
0.662980615068,7.90074,1.631946325302124,275.475057425,5,2198.4769903,0.00972905,0.759375524732,-258.404,3032.67379342,100.063,-258.346,275.327671895,0.10597348213195801,196,6916.561947107315,35.25343298912048,2699.28,0.662838161568,0.662838161568,709.54978495,0.906029,275.319,0.8078286647796631,0.0572815,275.466,0.0,213.061051999,3.49630739605,926.18361306
0.644932845336,7.89736,1.6186070442199707,275.752141357,5,3054.92025923,0.00996331,0.638933048406,-343.65,3243.04132139,95.9533,-343.591,275.60753789,0.10139989852905273,197,6951.728918790817,35.03969693183899,2690.16,0.646998852542,0.646998852542,2919.98072728,0.905458,275.599,0.8049216270446777,0.0584717,275.743,0.0,242.992415371,3.47296439907,124.401042347
0.677676381527,7.89766,1.6588993072509766,275.540220224,5,1694.86628909,0.00965357,0.635303026798,-199.275,2916.86150587,96.289,-199.227,275.392991267,0.10561418533325195,198,6987.383048772812,35.52659726142883,2690.99,0.67842948086,0.67842948086,1058.4515028,0.905507,275.383,0.8346247673034668,0.0488434,275.53,0.0,229.693964681,3.44735321434,667.868335267
0.619693459374,7.89479,1.6094565391540527,275.785095674,5,2974.62890104,0.0095771,0.303435337749,-341.416,3288.08508116,99.3368,-341.345,275.619373957,0.1047976016998291,199,7022.663428544998,35.149256229400635,2683.27,0.621081992387,0.621081992387,2799.04447487,0.905034,275.612,0.7765510082244873,0.0714111,275.777,0.0,226.849948653,3.4527660415,168.708812432
0.770038176322,7.89504,1.625992774963379,276.870936576,5,2909.00413594,0.00986768,0.851793337433,-339.397,3028.63904671,103.494,-339.345,276.718308635,0.1048438549041748,200,7057.63446688652,34.842283964157104,2683.94,0.772484407013,0.772484407013,2817.80422415,0.90507,276.708,0.7863376140594482,0.052002,276.859,0.0,217.824362812,3.49502060067,91.2503125993
0.749119687688,7.89166,1.6248009204864502,277.466056583,5,3107.16936842,0.0099935,0.879173432182,-345.792,3219.03529157,98.5044,-345.745,277.332573709,0.10670065879821777,201,7092.737218618393,34.97912549972534,2674.89,0.74946816825,0.74946816825,2964.22431479,0.904583,277.324,0.7966032028198242,0.0477295,277.457,0.0,250.701196801,3.44021070823,104.801796035
0.75571098157,7.88736,1.6249892711639404,278.599295124,5,3034.33237316,0.00991251,0.871011406881,-342.941,3095.76309278,97.1031,-342.888,278.504402783,0.10106182098388672,202,7127.9209151268005,35.052212953567505,2663.4,0.755792884931,0.755792884931,2908.8231633,0.903917,278.498,0.7963488101959229,0.0532837,278.593,0.0,254.482683964,3.43222898137,65.7085726209
0.779946472231,7.88631,1.6496992111206055,278.641192822,5,2999.95312357,0.00978907,0.812901343113,-342.903,3139.29841383,101.595,-342.84,278.557797325,0.10907840728759766,203,7163.313743591309,35.268266677856445,2660.61,0.780959506617,0.780959506617,2831.26376924,0.90379,278.548,0.8254704475402832,0.0629578,278.631,0.0,231.811416349,3.45555515846,120.084072518
0.602342944913,7.88456,1.6436359882354736,279.892235566,5,2960.78012313,0.00645504,0.789094176807,-336.47,3070.32934622,100.105,-336.394,279.824577993,0.10354232788085938,204,7198.589701414108,35.14310956001282,2655.95,0.6045284603,0.6045284603,2796.41114526,0.903549,279.817,0.8221895694732666,0.0761414,279.885,0.0,233.607613074,3.43461884405,111.927110291
0.708387752894,7.88112,1.6566834449768066,279.876106168,5,2500.74222025,0.00985154,0.656631192727,-298.606,2956.03658138,99.6587,-298.55,279.80008866,0.10822081565856934,205,7234.098851442337,35.37619996070862,2646.82,0.708501352598,0.708501352598,1102.45919868,0.903042,279.792,0.8281769752502441,0.055481,279.868,0.0,203.717649301,3.41006200838,704.933049052
0.672437972864,7.88025,1.640596628189087,280.310839631,5,2738.38883222,0.00995214,0.784069650034,-313.971,3079.5635787,111.464,-313.87,280.235548838,0.10486745834350586,206,7269.382010936737,35.15791440010071,2644.52,0.673950596978,0.673950596978,1915.14024245,0.902901,280.229,0.8042764663696289,0.100952,280.304,0.0,227.178388146,3.47184903639,421.456979396
0.72604445493,7.87905,1.6211698055267334,280.812683134,5,3052.70165997,0.00983437,0.799450625884,-342.745,3164.01337413,99.3969,-342.689,280.736330289,0.10169100761413574,207,7304.4749937057495,34.97369980812073,2641.37,0.727927277916,0.727927277916,2867.37547795,0.902726,280.728,0.7758834362030029,0.0563354,280.804,0.0,247.346285248,3.41316585168,101.261395904
0.771641640477,7.87979,1.6296191215515137,281.560633576,5,3051.98023403,0.00965782,0.793388829658,-344.043,3214.44964684,101.661,-343.984,281.49337686,0.10390186309814453,208,7339.819112539291,35.22049379348755,2643.32,0.772649606224,0.772649606224,2853.85625723,0.902863,281.485,0.7891154289245605,0.0586853,281.553,0.0,247.66253895,3.43424720866,132.675510371
0.666843733524,7.879,1.6568880081176758,282.096149291,5,2979.51877399,0.00660807,0.745840983809,-328.105,3219.13223145,94.9506,-328.061,282.033413014,0.10636019706726074,209,7374.920078992844,34.97064185142517,2641.23,0.668395999496,0.668395999496,2287.02440433,0.902781,282.028,0.8185853958129883,0.0439148,282.091,0.0,239.528328019,3.42287009438,351.451839452
0.713879945357,7.87962,1.6273493766784668,282.976861234,5,3060.37339978,0.00671686,0.835981709697,-342.384,3157.94965803,96.7874,-342.317,282.927280576,0.10166287422180176,210,7409.940464258194,34.89407539367676,2642.86,0.714531645565,0.714531645565,2911.7197059,0.902903,282.918,0.7964394092559814,0.0672302,282.968,0.0,239.756873209,3.40575586098,105.785026102
0.605936917881,7.87814,1.6389131546020508,283.785720214,5,2982.83053872,0.00641956,0.797239690978,-332.574,3185.59258716,95.245,-332.534,283.734858412,0.10678982734680176,211,7445.673236846924,35.60700345039368,2638.96,0.608256756763,0.608256756763,2590.60043295,0.902721,283.728,0.7990543842315674,0.0405579,283.779,0.0,246.294247474,3.373480522,209.708361901
0.736603513316,7.87782,1.6650795936584473,284.102792649,5,2385.30663588,0.00640673,0.668238685294,-282.223,3025.66306316,99.7211,-282.165,284.05354103,0.10825085639953613,212,7481.74370932579,35.93988227844238,2638.1,0.735590710512,0.735590710512,326.824545223,0.902731,284.047,0.8174736499786377,0.0577698,284.097,0.0,184.867028807,3.40964956287,1031.97790324
0.602574041058,7.87754,1.671745777130127,283.955517043,5,2818.40111329,0.00973872,0.793339676155,-319.323,3272.81919011,103.753,-319.277,283.914380726,0.10755634307861328,213,7517.443245172501,35.574254751205444,2637.38,0.604500620687,0.604500620687,1984.56434806,0.902729,283.906,0.8231616020202637,0.0460205,283.948,0.0,229.90444992,3.43418564502,439.522740525
0.698522324114,7.87761,1.6268694400787354,284.763294551,5,2888.14141698,0.00889479,0.751257425296,-333.402,3027.25233242,99.8827,-333.336,284.720726123,0.10192036628723145,214,7552.533326387405,34.95467185974121,2637.57,0.700052635713,0.700052635713,2641.84603643,0.90274,284.714,0.7886989116668701,0.0663757,284.758,0.0,238.281940266,3.38194719708,147.433329568
0.743471360519,7.87827,1.6274867057800293,285.480599883,5,3042.71440433,0.00657063,0.824577583058,-341.944,3164.87707137,117.458,-341.895,285.437805663,0.1011965274810791,215,7587.6560690402985,35.0002064704895,2639.31,0.745307759488,0.745307759488,2929.57720982,0.902886,285.43,0.7599883079528809,0.0494385,285.473,0.0,241.384581665,3.49619675514,95.6624433466
0.642269345783,7.87456,1.6253633499145508,285.385120927,5,2500.40468243,0.00641116,0.812927848699,-285.462,3190.94080033,91.7762,-285.423,285.335771181,0.10317230224609375,216,7622.575674057007,34.774741411209106,2629.52,0.643974863733,0.643974863733,414.916207306,0.902339,285.328,0.765192985534668,0.0388794,285.378,0.0,204.940229387,3.30304731061,1048.14878837
0.672771347488,7.8714,1.6334846019744873,286.344480557,5,3048.42882582,0.00654953,0.725720491967,-341.293,3155.80252507,107.529,-341.257,286.2901263,0.10675430297851562,217,7657.850837230682,35.1307270526886,2621.24,0.673306913718,0.673306913718,2775.94669634,0.901886,286.281,0.7640025615692139,0.0358582,286.336,0.0,233.077196443,3.39491864981,139.470384334
0.720592522615,7.86891,1.584873914718628,286.909493074,5,2976.39136178,0.00970369,0.876742200772,-338.444,3012.9877159,103.232,-338.398,286.848899234,0.09553837776184082,218,7692.706576824188,34.736072063446045,2614.72,0.723120393834,0.723120393834,2933.06156778,0.901548,286.842,0.7129108905792236,0.0456238,286.904,0.0,224.169933033,3.35164754859,28.750344108
0.763678234152,7.87328,1.6441154479980469,286.934804748,5,3052.23543609,0.00966328,0.771649678103,-342.434,3114.91398087,95.64,-342.395,286.859361817,0.10380220413208008,219,7728.013978481293,35.17858290672302,2626.17,0.764214594934,0.764214594934,2933.54031272,0.902209,286.855,0.7891747951507568,0.0396423,286.932,0.0,229.212183719,3.25776317894,65.7609711348
0.759622530308,7.86665,1.602001428604126,287.167689834,5,2998.25879814,0.00651217,0.856270946717,-338.263,3057.30505242,112.396,-338.224,287.0951292,0.0965261459350586,220,7762.880416870117,34.738186836242676,2608.82,0.760126725477,0.760126725477,2962.72156628,0.901232,287.085,0.7305552959442139,0.0389099,287.16,0.0,231.271501896,3.36644448385,32.7309810183
0.78513825618,7.86128,1.6082372665405273,287.915548473,5,3049.1458479,0.00985182,0.778548181877,-341.733,3100.98584967,103.553,-341.685,287.833604965,0.09695577621459961,221,7797.885916471481,34.88366436958313,2594.84,0.7854878922,0.7854878922,2977.92244945,0.900451,287.828,0.7296860218048096,0.0481262,287.911,0.0,235.628945936,3.32047482285,42.1363797351
0.720691691405,7.85648,1.6026041507720947,287.7266621,5,3028.36697822,0.00647923,0.869179201866,-339.365,3104.88093439,104.776,-339.33,287.637131208,0.09891486167907715,222,7832.999783277512,34.988505363464355,2582.41,0.723256033849,0.723256033849,2955.67313324,0.899688,287.628,0.7209138870239258,0.0346985,287.719,0.0,244.897919902,3.3458475425,61.3649163501
0.747612609456,7.85117,1.5855631828308105,288.176290204,5,2929.55430177,0.00650341,0.820176329038,-336.541,3093.62971398,103.908,-336.499,288.073388374,0.10266494750976562,223,7868.181594848633,35.05700421333313,2568.75,0.747798780224,0.747798780224,2766.71395734,0.898911,288.067,0.753533124923706,0.0421753,288.171,0.0,212.032311964,3.36232757079,116.912270436
0.632908052263,7.85069,1.6241116523742676,288.415999106,5,2520.98379045,0.00970591,0.775981739407,-284.018,3172.30411249,93.8299,-283.966,288.314851821,0.10636067390441895,224,7903.200746297836,34.89431023597717,2567.51,0.633724129909,0.633724129909,1110.19890656,0.898839,288.307,0.7745938301086426,0.0517273,288.408,0.0,231.758473826,3.3020837024,794.881104054
0.671725255062,7.84795,1.5922951698303223,288.859719316,5,3076.50145467,0.00652781,0.737549793037,-341.65,3259.10293627,110.782,-341.603,288.756360575,0.09963488578796387,225,7937.530473947525,34.20881962776184,2560.47,0.672454037174,0.672454037174,2832.84332387,0.89844,288.747,0.7605423927307129,0.0467224,288.851,0.0,230.671222222,3.41350865372,139.895850278
0.760531850499,7.84864,1.6368701457977295,290.106941485,5,3128.66049653,0.00681608,0.877864305554,-340.912,3208.8512634,100.309,-340.862,290.013220265,0.1055443286895752,226,7972.617446422577,34.967849016189575,2562.25,0.761546322436,0.761546322436,3055.48454397,0.898566,290.006,0.7903790473937988,0.0498657,290.101,0.0,239.615945824,3.33045102958,56.9136819583
0.782946362892,7.84756,1.6385290622711182,290.741672515,5,3046.00025098,0.00969519,0.851217723561,-340.808,3221.37058285,101.218,-340.756,290.650878293,0.10950016975402832,227,8007.684127092361,34.93263339996338,2559.49,0.780283682797,0.780283682797,2860.6785714,0.898447,290.642,0.7763876914978027,0.0516052,290.733,0.0,237.46046569,3.34442977291,132.611614121
0.760056118381,7.84733,1.6381423473358154,291.350434962,5,3036.13815123,0.00714641,0.894287979145,-341.728,3186.96771375,93.8763,-341.644,291.252681127,0.10449600219726562,228,8042.69638133049,34.88705348968506,2558.88,0.761636893056,0.761636893056,2972.90886951,0.89844,291.248,0.7755382061004639,0.0843201,291.344,0.0,209.756166206,3.30257719698,78.5807269277
0.788299732908,7.84616,1.6283624172210693,291.988286876,5,3049.53475463,0.00976404,0.847234474627,-340.896,3200.30223128,112.762,-340.844,291.878491204,0.10277438163757324,229,8077.826422691345,34.99807929992676,2555.9,0.787686498417,0.787686498417,2913.61799752,0.898286,291.87,0.7678718566894531,0.0527649,291.979,0.0,237.677776735,3.42657769662,93.8726604637
0.745526444098,7.84586,1.6225829124450684,292.70267033,5,2119.87944591,0.00991683,0.576181786453,-245.593,3135.38254957,106.235,-245.541,292.596351703,0.10073614120483398,230,8112.604915142059,34.65141487121582,2555.12,0.74557644062,0.74557644062,483.612188107,0.898273,292.589,0.7600545883178711,0.0522919,292.695,0.0,225.282999012,3.34024715561,1157.74986643
0.670806192289,7.84417,1.6314616203308105,292.726578846,5,3084.69994698,0.00656141,0.61899209438,-342.666,3163.96708507,105.105,-342.615,292.612456741,0.10569429397583008,231,8147.706136226654,34.97317028045654,2550.83,0.671694996548,0.671694996548,2920.47114814,0.89804,292.608,0.7792773246765137,0.0516357,292.722,0.0,237.948665207,3.32154559409,84.6692305275
0.743853116718,7.8443,1.6378610134124756,293.237653911,5,2995.61418028,0.00969352,0.858833403003,-337.857,3176.55948618,104.78,-337.81,293.172334575,0.1094210147857666,232,8182.842365026474,35.007375717163086,2551.15,0.743455562872,0.743455562872,2889.20964971,0.898133,293.163,0.7825260162353516,0.0466919,293.228,0.0,224.892366123,3.33639216384,99.2327591952
0.760361919291,7.83988,1.6422874927520752,293.822163865,5,3147.90027739,0.00655815,0.893239588538,-343.712,3224.14764001,101.833,-343.622,293.763294804,0.10324478149414062,233,8218.253566741943,35.28263521194458,2539.91,0.761401362748,0.761401362748,3028.95494677,0.89757,293.758,0.7764120101928711,0.089447,293.816,0.0,239.06904842,3.31147642207,80.3938723874
0.76737639227,7.83918,1.6242177486419678,294.389549511,5,3075.42715557,0.00958863,0.811886043372,-342.068,3321.95572375,110.696,-342.024,294.333494428,0.10690951347351074,234,8253.54090809822,35.15411329269409,2538.13,0.770006693348,0.770006693348,2850.40885304,0.897484,294.324,0.7668056488037109,0.0446167,294.379,0.0,236.438786343,3.39709832222,170.534656234
0.765105757304,7.8373,1.6235761642456055,295.095086023,5,3054.25777081,0.00642093,0.887753327,-342.912,3240.71455531,104.358,-342.874,295.039007346,0.10338807106018066,235,8288.51973938942,34.850807428359985,2533.35,0.766538557934,0.766538557934,2895.3231435,0.897229,295.033,0.757209300994873,0.0372925,295.088,0.0,223.054688238,3.33369428874,113.38011701
0.705922408541,7.83647,1.610222578048706,294.761734607,5,2282.12112032,0.00993107,0.305431979385,-264.575,3112.51735875,113.475,-264.529,294.715212647,0.1024012565612793,236,8323.392341852188,34.74552059173584,2531.25,0.705868229355,0.705868229355,637.178895413,0.897115,294.708,0.7451212406158447,0.0461731,294.755,0.0,230.733226071,3.39157272732,976.160071158
0.65517641913,7.83395,1.6362786293029785,295.649061234,5,2779.27238837,0.00990224,0.828161500943,-305.69,3236.17526663,109.004,-305.641,295.608565817,0.10321450233459473,237,8358.544482469559,35.02057933807373,2524.89,0.655719297785,0.655719297785,1328.7176935,0.896745,295.599,0.7708561420440674,0.0488892,295.64,0.0,244.209981021,3.3728628582,729.340952171
0.726875482431,7.83227,1.6130893230438232,296.2185793,5,3000.0188084,0.00999158,0.82725959011,-340.591,3180.49260731,115.865,-340.549,296.176278792,0.10212564468383789,238,8393.590577363968,34.91863250732422,2520.66,0.727501301073,0.727501301073,2844.49241565,0.89654,296.169,0.752016544342041,0.0415955,296.212,0.0,233.826727803,3.3926737914,109.929914904
0.768884832928,7.82644,1.5897114276885986,297.080622187,5,3098.34504837,0.006545,0.793975971709,-344.468,3286.48211707,108.691,-344.429,297.035269742,0.09658050537109375,239,8428.753598690033,35.0375280380249,2505.99,0.769252809519,0.769252809519,2954.30823125,0.895659,297.028,0.6982922554016113,0.0385132,297.073,0.0,230.831314247,3.31148032908,118.724320413
0.764233070593,7.82084,1.6515936851501465,297.959257212,5,3212.77309075,0.00989184,0.85194616109,-345.815,3398.30111916,109.846,-345.755,297.918639033,0.10666823387145996,240,8465.030758142471,36.14542078971863,2492.0,0.764270558384,0.764270558384,3011.89187844,0.894881,297.91,0.8093216419219971,0.0603333,297.951,0.0,251.755151413,3.35128914085,126.797192512
0.6216255051,7.81874,1.6579556465148926,298.017531891,5,2719.48461325,0.00648074,0.425705947871,-309.573,3185.31118393,112.559,-309.504,297.977862435,0.10614490509033203,241,8500.87723326683,35.71458292007446,2486.77,0.622363723973,0.622363723973,1706.82963761,0.894602,297.969,0.7871594429016113,0.0694275,298.009,0.0,235.650341748,3.30952781615,521.371638112
0.700393046244,7.8176,1.616528034210205,298.543592401,5,3044.6378571,0.00957253,0.788899928891,-343.038,3187.61054053,111.135,-342.994,298.504314791,0.10238242149353027,242,8536.016940116882,35.01177763938904,2483.93,0.702297874481,0.702297874481,2945.44684905,0.894451,298.499,0.7835652828216553,0.0441284,298.538,0.0,244.582317045,3.32357268226,90.0026254071
0.756220116929,7.81793,1.5860114097595215,298.924815505,5,2958.19750757,0.00936844,0.807039608875,-341.184,3108.95103697,103.535,-341.132,298.891262232,0.10000348091125488,243,8571.086591959,34.93524193763733,2484.75,0.75476961212,0.75476961212,2793.8337815,0.894561,298.884,0.7530877590179443,0.0523071,298.918,0.0,219.641753701,3.24491587989,119.824442407
0.754300160132,7.81179,1.5583620071411133,299.662524719,5,3134.41420582,0.00986054,0.876387907682,-344.675,3233.12170782,101.552,-344.631,299.629910746,0.09792780876159668,244,8605.833643436432,34.625258445739746,2469.54,0.754890453483,0.754890453483,2917.41375685,0.893687,299.622,0.7140505313873291,0.0443726,299.655,0.0,235.394379607,3.27335836238,112.366872146
0.763860110387,7.81321,1.604137897491455,300.044145461,5,3220.87071822,0.00643059,0.810847886902,-347.425,3387.84879453,107.835,-347.393,300.01028592,0.10649323463439941,245,8640.867530107498,34.90938758850098,2473.06,0.764580909966,0.764580909966,3072.71238991,0.893997,300.004,0.7824985980987549,0.032074,300.038,0.0,255.634979232,3.28144593429,116.621301048
0.744339641899,7.80924,1.6127283573150635,300.925108597,5,3154.00617773,0.00652518,0.85076951618,-346.994,3255.83648045,102.592,-346.925,300.892417238,0.10108375549316406,246,8676.013407945633,35.01091027259827,2463.25,0.744553462679,0.744553462679,3107.50875794,0.893412,300.885,0.784224271774292,0.0683899,300.919,0.0,256.716979379,3.24986583762,54.6247744062
0.554463423719,7.8086,1.6384871006011963,301.510222617,5,2816.80176165,0.00987497,0.706612342832,-325.38,3244.47842917,116.772,-325.334,301.480112725,0.10619306564331055,247,8711.16577076912,35.02982306480408,2461.69,0.556144340097,0.556144340097,2162.69821207,0.893312,301.474,0.7993004322052002,0.0463867,301.503,0.0,229.815210129,3.32746418834,367.065023253
0.733638562203,7.80475,1.6346442699432373,301.752662845,5,3105.95228792,0.00651081,0.85419319123,-345.465,3212.85152151,98.9521,-345.426,301.721118317,0.10062956809997559,248,8745.735587358475,34.4386568069458,2452.22,0.735169183845,0.735169183845,3006.31762099,0.892786,301.713,0.7942116260528564,0.0384827,301.745,0.0,243.50167657,3.2342434681,68.0732522
0.736584080083,7.8018,1.6395998001098633,302.321676793,5,3118.42322457,0.00983016,0.827250533687,-346.472,3179.17939978,124.211,-346.414,302.295721542,0.10504460334777832,249,8780.84885764122,34.98002219200134,2444.99,0.735934536831,0.735934536831,3026.09397576,0.89236,302.29,0.7949187755584717,0.0589294,302.316,0.0,241.948913734,3.35309321545,52.7287273989
0.769998928073,7.80233,1.6241052150726318,302.53111894,5,3122.99825713,0.0098884,0.850036682656,-345.825,3214.55862952,109.405,-345.792,302.501145561,0.10101485252380371,250,8816.212020635605,35.23841214179993,2446.28,0.770845579418,0.770845579418,3027.49230096,0.892459,302.495,0.7499721050262451,0.0328979,302.525,0.0,245.644015183,3.27793239882,76.1265043753
0.759335754755,7.80186,1.6516025066375732,302.774580972,5,3172.76001933,0.00995534,0.851313495343,-346.715,3228.6330459,105.011,-346.656,302.743248953,0.10548949241638184,251,8851.601081371307,35.25318360328674,2445.15,0.759392495048,0.759392495048,3085.58196611,0.892377,302.736,0.7822723388671875,0.0588989,302.767,0.0,261.525519902,3.23614588467,59.1557154594
0.762836206616,7.79801,1.6025238037109375,303.223865529,5,3122.8784952,0.00997947,0.862328595365,-344.998,3217.62830774,111.275,-344.962,303.197481507,0.10332441329956055,252,8885.436347484589,33.704002141952515,2435.75,0.762894282253,0.762894282253,3006.43096965,0.891844,303.192,0.7520344257354736,0.0352783,303.219,0.0,235.312485111,3.29002490177,69.2623455409
0.748679492808,7.8006,1.577958583831787,303.360096166,5,3072.37716403,0.0064293,0.87947005439,-344.9,3230.67118602,112.604,-344.858,303.333087883,0.09042191505432129,253,8919.241500377655,33.68146228790283,2442.06,0.748611863751,0.748611863751,2924.75441535,0.892269,303.326,0.6758110523223877,0.0414429,303.352,0.0,234.277098639,3.28697425048,98.5270249384
0.764842265476,7.79864,1.5670340061187744,303.427445493,5,3160.20542576,0.00650687,0.894071931164,-345.98,3271.32975247,115.245,-345.943,303.400195962,0.09303784370422363,254,8953.127765417099,33.76406788825989,2437.29,0.765600228881,0.765600228881,3061.01455122,0.891987,303.394,0.6887874603271484,0.0369263,303.422,0.0,242.4244805,3.28656169279,85.1487475056
0.758511503504,7.7945,1.5718131065368652,304.100582358,5,3135.7167578,0.0064698,0.830211367334,-345.561,3196.62806572,109.253,-345.528,304.078149058,0.09673643112182617,255,8986.734729528427,33.4854154586792,2427.2,0.760451450058,0.760451450058,3002.33785554,0.89142,304.07,0.6798696517944336,0.0330505,304.093,0.0,243.995414858,3.23949711959,69.4660160659
0.758406674108,7.79329,1.5889403820037842,304.824225819,5,3168.17921533,0.00980446,0.843946838617,-346.491,3407.72859898,112.595,-346.436,304.804250936,0.09459614753723145,256,9020.531999111176,33.67263102531433,2424.29,0.76047957401,0.76047957401,3073.50621634,0.891288,304.797,0.7175271511077881,0.0546875,304.818,0.0,222.58840536,3.23670833854,122.173479749
0.586634266764,7.7916,1.5644450187683105,305.071762274,5,2737.44317657,0.00981609,0.804269644436,-300.421,3246.22761102,109.614,-300.371,305.059075967,0.09102249145507812,257,9054.197485923767,33.542484998703,2420.19,0.587076954853,0.587076954853,897.068330373,0.89105,305.052,0.664900541305542,0.0502625,305.066,0.0,247.094287879,3.20966738417,920.920422447
0.649107732563,7.7896,1.5708661079406738,305.451443963,5,2623.40060578,0.0064192,0.857129176772,-296.177,3266.30253064,107.273,-296.118,305.435581517,0.09367799758911133,258,9087.99725151062,33.67566704750061,2415.35,0.649626173254,0.649626173254,541.024042635,0.890771,305.43,0.6737232208251953,0.0596313,305.447,0.0,226.990131109,3.19045062641,1043.95360789
0.671883211857,7.79006,1.5650887489318848,305.643586101,5,3173.50512657,0.00641102,0.801057769192,-348.042,3252.54556067,117.253,-348.011,305.631949845,0.09038448333740234,259,9121.704969644547,33.58587670326233,2416.47,0.67155154272,0.67155154272,3070.35983315,0.89085,305.625,0.6782033443450928,0.0307312,305.638,0.0,230.84492221,3.22447969942,76.0433087236
0.762401980127,7.78328,1.5402076244354248,306.406367897,5,3211.63056267,0.00962803,0.865201290962,-348.173,3293.60288748,117.437,-348.131,306.400834262,0.09168171882629395,260,9155.343164682388,33.51238989830017,2400.14,0.761781280198,0.761781280198,3095.1675174,0.889889,306.394,0.6679158210754395,0.0419006,306.402,0.0,246.364815188,3.23751942679,82.8723322145
0.59978732083,7.78313,1.55009126663208,307.050832492,5,2859.1977674,0.00646248,0.264007486535,-315.914,3189.50402278,108.673,-315.872,307.047462791,0.09122705459594727,261,9188.94803237915,33.485732316970825,2399.79,0.601066663679,0.601066663679,1765.51210873,0.889928,307.04,0.6872513294219971,0.0422974,307.046,0.0,250.006228161,3.21777621979,548.789412261
0.721018661235,7.78096,1.5834197998046875,307.355766901,5,3151.02699696,0.00958582,0.805589955077,-345.139,3281.5223641,113.941,-345.099,307.348580995,0.09420228004455566,262,9223.067569971085,33.99514865875244,2394.57,0.721684944228,0.721684944228,2974.70636319,0.88963,307.341,0.7126874923706055,0.0395813,307.349,0.0,245.534582646,3.27372940809,102.622965316
0.610055205848,7.77926,1.5844318866729736,307.787542826,5,2748.28605196,0.00940044,0.747801832403,-307.2,3267.21749762,114.567,-307.157,307.775494107,0.09539103507995605,263,9256.751726388931,33.557159662246704,2390.51,0.610941509534,0.610941509534,1215.3638955,0.889427,307.769,0.7042031288146973,0.0434265,307.781,0.0,234.141314806,3.28940294226,770.376390909
0.708879943046,7.776,1.5763664245605469,308.167364255,5,3191.8914464,0.00929341,0.803562440725,-347.531,3353.43748237,108.084,-347.49,308.160841595,0.09511399269104004,264,9290.666859149933,33.790576696395874,2382.72,0.711264397726,0.711264397726,2958.01909899,0.888973,308.154,0.7127153873443604,0.0411072,308.161,0.0,252.116919791,3.21043986975,142.719284908
0.731573412999,7.77281,1.5713236331939697,308.535070339,5,3071.14140477,0.00996416,0.852072834006,-344.209,3213.9597059,112.056,-344.158,308.526665722,0.09279179573059082,265,9323.78272485733,32.98885989189148,2375.14,0.730431291928,0.730431291928,2876.69960749,0.88846,308.52,0.6660387516021729,0.0512085,308.529,0.0,219.317946953,3.18574520818,112.246423271
0.640024139353,7.76677,1.559065580368042,309.108860781,5,2634.80070873,0.00654188,0.803794586709,-291.167,3241.75720132,105.93,-291.129,309.102119592,0.09207510948181152,266,9357.208836555481,33.308658599853516,2360.83,0.64137453414,0.64137453414,783.26427629,0.88766,309.096,0.6641092300415039,0.0383606,309.103,0.0,230.263797333,3.17507920236,934.96871937
0.680083895884,7.7643,1.5777876377105713,309.775220509,5,3214.91304143,0.00983348,0.687002567699,-347.861,3317.14139828,117.537,-347.812,309.766742351,0.09294390678405762,267,9390.741764307022,33.40973687171936,2355.0,0.680865898335,0.680865898335,2994.57838936,0.887314,309.76,0.6832752227783203,0.0494995,309.768,0.0,238.26644347,3.21583889253,112.993625226
0.597128585148,7.76211,1.55271577835083,309.915522512,5,2694.71380294,0.00682199,0.814533676767,-296.827,3270.52510346,107.094,-296.79,309.905322813,0.09033775329589844,268,9424.561172246933,33.69180679321289,2349.85,0.597976186039,0.597976186039,569.448888581,0.887017,309.9,0.6725218296051025,0.037262,309.91,0.0,249.860902306,3.16997647067,1063.85808484
0.715168343081,7.76122,1.5749266147613525,310.402216889,5,3220.21424872,0.00963058,0.810996221525,-347.987,3316.17325232,111.671,-347.946,310.391157494,0.09120059013366699,269,9458.697349309921,34.010302782058716,2347.78,0.715737012375,0.715737012375,3173.08128942,0.886912,310.387,0.6858553886413574,0.0407104,310.398,0.0,244.075395754,3.21250041177,53.2876065563
0.738752572472,7.75911,1.5794117450714111,310.601484426,5,3118.81085329,0.00646539,0.91143261844,-347.029,3201.5252757,120.553,-346.984,310.583990947,0.0943460464477539,270,9492.928905248642,34.10416388511658,2342.82,0.740296981709,0.740296981709,2955.29899989,0.886616,310.575,0.6888372898101807,0.0448303,310.592,0.0,246.297206815,3.23488522906,89.6003476649
0.629048454752,7.75779,1.5754165649414062,311.360470115,5,2869.12682932,0.00998994,0.705492941277,-322.6,3113.32061989,107.793,-322.547,311.342747302,0.09540343284606934,271,9526.734728813171,33.68365955352783,2339.73,0.629833605216,0.629833605216,2073.57450637,0.886434,311.335,0.689354658126831,0.052887,311.353,0.0,232.672743626,3.16159723549,398.476191723
0.695629363082,7.7588,1.5664613246917725,310.947982093,5,3148.09082415,0.00662044,0.828128404005,-345.797,3274.71846526,113.668,-345.755,310.93223296,0.09372496604919434,272,9560.417833566666,33.554593563079834,2342.1,0.698779075871,0.698779075871,3106.496041,0.88666,310.926,0.6729230880737305,0.0425415,310.942,0.0,240.953765468,3.18545400624,63.9493021285
0.613047429423,7.7572,1.5730361938476562,311.057360398,5,2860.98724903,0.00967608,0.792453452134,-319.53,3105.57337512,115.017,-319.481,311.037400807,0.09014081954956055,273,9594.003279685974,33.461384773254395,2338.36,0.61429947773,0.61429947773,2130.61809562,0.886455,311.03,0.6681728363037109,0.0492859,311.05,0.0,242.315593772,3.20269661915,369.694423499
0.732036221143,7.75841,1.5759096145629883,311.358127464,5,2605.55208419,0.00657438,0.799409180072,-290.335,3280.51438189,115.09,-290.296,311.338838259,0.09277939796447754,274,9627.701469421387,33.575642108917236,2341.19,0.73224720844,0.73224720844,266.405452413,0.886675,311.331,0.6595289707183838,0.0387268,311.351,0.0,232.331683663,3.20972828904,1174.30210326
0.672310661281,7.75786,1.550826072692871,311.755980431,5,3209.75206334,0.00986662,0.79672825114,-348.359,3305.39842066,109.398,-348.304,311.726812045,0.09259366989135742,275,9661.033497810364,33.207836627960205,2339.89,0.673326751288,0.673326751288,3055.66241622,0.886612,311.72,0.6755056381225586,0.0547791,311.751,0.0,254.623210406,3.17290075765,96.7980733307
0.623719672643,7.75591,1.5582332611083984,311.857600108,5,2654.89707959,0.00993355,0.383189465579,-301.834,3242.82334449,120.545,-301.79,311.814636602,0.08709597587585449,276,9694.471863985062,33.31596517562866,2335.34,0.623750242377,0.623750242377,858.61884475,0.886345,311.808,0.6544873714447021,0.0441895,311.85,0.0,227.677994915,3.25441503616,903.983549823
0.709065417503,7.75391,1.577451229095459,311.809460814,5,3127.79170956,0.00987592,0.789760778923,-346.208,3328.18281337,115.688,-346.168,311.741593633,0.09439682960510254,277,9728.200513124466,33.60628318786621,2330.68,0.710424299988,0.710424299988,2927.06039098,0.886072,311.735,0.6768364906311035,0.0402222,311.802,0.0,243.587186159,3.21266360378,127.091988423
0.740719424934,7.75295,1.5760257244110107,312.149802821,5,3176.07677326,0.00642354,0.86236476865,-346.037,3273.68804755,117.697,-345.999,312.063103269,0.09472274780273438,278,9761.61041378975,33.28662729263306,2328.44,0.74174436771,0.74174436771,3075.56716693,0.885987,312.056,0.6798007488250732,0.0383911,312.141,0.0,249.187939446,3.18550865042,67.7764496192
0.741248400272,7.75011,1.5640320777893066,312.812306102,5,3094.70302309,0.00643517,0.903025947855,-344.545,3213.11921595,109.135,-344.505,312.719004729,0.08764886856079102,279,9794.975175380707,33.24024176597595,2321.84,0.741437029908,0.741437029908,2961.05855336,0.88559,312.714,0.6468291282653809,0.0397644,312.806,0.0,239.08009112,3.13097282074,82.7103399906
0.749818398959,7.74763,1.5489084720611572,312.613462297,5,3220.50980249,0.00979531,0.867249776815,-345.551,3346.12048694,109.685,-345.513,312.511597612,0.09289264678955078,280,9828.332486867905,33.2337212562561,2316.07,0.750713956481,0.750713956481,3145.93988019,0.885246,312.505,0.6530804634094238,0.038208,312.606,0.0,246.978020962,3.15946529466,70.6127309354
0.773324568201,7.74669,1.587777853012085,312.740893761,5,3142.69802932,0.00984741,0.869143051236,-345.413,3219.48394312,108.453,-345.365,312.616575153,0.09564781188964844,281,9861.95479631424,33.49983310699463,2313.89,0.773780035114,0.773780035114,2947.24298808,0.885171,312.61,0.6905996799468994,0.0484009,312.733,0.0,243.063021436,3.12217322523,99.5966434681
0.745877452215,7.74709,1.5998942852020264,312.824218347,5,3186.49534855,0.00972401,0.843189158057,-345.623,3356.18874064,118.983,-345.588,312.68335356,0.09991192817687988,282,9895.915861606598,33.83750319480896,2314.83,0.74664311397,0.74664311397,3029.98112467,0.885255,312.676,0.7185046672821045,0.0351562,312.816,0.0,261.767371205,3.17920968478,130.188671911
0.71992362465,7.74529,1.564836025238037,312.59798562,5,2327.21088089,0.00998017,0.0349374529287,-263.275,3351.08820935,111.768,-263.231,312.452605012,0.08982086181640625,283,9929.415531396866,33.37854599952698,2310.65,0.719820000937,0.719820000937,200.371772012,0.884996,312.446,0.6687755584716797,0.0443115,312.591,0.0,219.984957333,3.14651719283,1205.23672355
0.660332958256,7.74763,1.5668635368347168,313.394256873,5,2634.02134196,0.00640707,0.810744180214,-303.301,3263.16545919,119.655,-303.259,313.251656276,0.09316420555114746,284,9962.86426949501,33.326918601989746,2316.07,0.660127522449,0.660127522449,990.801564977,0.885345,313.244,0.6771550178527832,0.0415344,313.385,0.0,215.814567234,3.18576024362,829.871089633
0.710649828698,7.74638,1.5523755550384521,313.591573274,5,3199.55761949,0.00991943,0.791887419977,-347.506,3331.97892928,119.607,-347.468,313.440737246,0.0893549919128418,285,9996.08420586586,33.09821081161499,2313.19,0.710950829104,0.710950829104,3109.61808496,0.885161,313.434,0.6654119491577148,0.038147,313.583,0.0,239.994318612,3.18861207661,75.8048710717
0.775760198616,7.74232,1.5756380558013916,314.812097504,5,3272.42373342,0.00979968,0.884102784348,-350.061,3432.29390124,102.41,-350.013,314.629648763,0.0872502326965332,286,10029.666275024414,33.4650239944458,2303.81,0.77575951953,0.77575951953,3146.45866804,0.884607,314.623,0.6707313060760498,0.047699,314.804,0.0,246.978619643,3.04815252822,101.683866234
0.771499469888,7.73764,1.5694093704223633,315.396700259,5,3209.54601698,0.00652912,0.807598682576,-346.345,3377.86163336,111.513,-346.314,315.275346883,0.09211540222167969,287,10063.031965732574,33.235694885253906,2293.05,0.770791118491,0.770791118491,3103.15795218,0.884015,315.268,0.6907248497009277,0.0302734,315.389,0.0,248.102849751,3.13218371391,101.885928169
0.720448731306,7.73557,1.5530405044555664,316.185646096,5,3144.40470458,0.00992378,0.884553036443,-345.445,3308.02156903,109.833,-345.394,316.068531144,0.09040975570678711,288,10096.931713581085,33.77994251251221,2288.31,0.71955118433,0.71955118433,3013.2594205,0.883757,316.063,0.6605947017669678,0.0518494,316.179,0.0,259.471421796,3.12425375617,97.0221601497
0.719805478286,7.73229,1.5692665576934814,316.207380964,5,3170.62217714,0.00997994,0.870294011046,-345.584,3298.53222428,121.383,-345.54,316.089208539,0.09744906425476074,289,10131.108844518661,34.05691719055176,2280.82,0.72057187556,0.72057187556,2899.63666259,0.883287,316.081,0.6897835731506348,0.0443726,316.198,0.0,254.080180245,3.16556052806,145.523838348
0.740530015011,7.73068,1.5636935234069824,316.553364917,5,3110.78023661,0.00667096,0.844143364065,-346.091,3239.02404894,110.104,-346.05,316.443262507,0.09177255630493164,290,10164.67385840416,33.44772243499756,2277.14,0.742687810416,0.742687810416,2956.16047345,0.883139,316.437,0.672466516494751,0.0414124,316.546,0.0,229.355757255,3.08437098496,109.631120804
0.757596581003,7.72941,1.5847673416137695,316.952295379,5,3111.69313444,0.0093211,0.863306907204,-346.57,3279.543716,120.665,-346.525,316.820711489,0.09186196327209473,291,10198.977179288864,34.18057656288147,2274.27,0.757275881077,0.757275881077,2935.8197229,0.882993,316.815,0.6760985851287842,0.0444641,316.946,0.0,227.797622504,3.17468001208,128.287401786
0.770338292199,7.72998,1.556513786315918,317.622517753,5,3142.06263362,0.0066388,0.864025986194,-348.133,3260.40162683,124.688,-348.088,317.482397135,0.08940315246582031,292,10232.980956315994,33.881508588790894,2275.57,0.771170309459,0.771170309459,2989.62291396,0.883103,317.475,0.66597580909729,0.0443115,317.614,0.0,238.384672975,3.19572758058,90.0958630059
0.755637465025,7.7289,1.561758279800415,318.303080295,5,3176.38575834,0.00973698,0.858934923946,-348.403,3270.49477596,104.241,-348.355,318.185751651,0.0902855396270752,293,10267.496856927872,34.39598822593689,2273.1,0.754805716288,0.754805716288,3059.43577898,0.88298,318.18,0.6739795207977295,0.047821,318.296,0.0,253.26351159,3.12291456424,80.8188499709
0.765787197689,7.7216,1.5847575664520264,319.040819721,5,3219.26719999,0.00648168,0.834204298812,-348.696,3332.49010571,123.528,-348.661,318.915854932,0.09585142135620117,294,10301.937455415726,34.31434202194214,2256.57,0.765547666397,0.765547666397,3109.75975632,0.881924,318.91,0.7213418483734131,0.0346375,319.034,0.0,251.941135554,3.19918606306,91.2393712728
0.680827533421,7.7201,1.5677177906036377,318.981880126,5,3133.45936622,0.0099249,0.860801111599,-342.847,3328.67555121,110.743,-342.798,318.868020966,0.09394502639770508,295,10335.860584259033,33.79502987861633,2253.18,0.680001782026,0.680001782026,2832.31716397,0.881695,318.861,0.7083420753479004,0.0487366,318.974,0.0,245.505496097,3.12483794738,171.196398102
0.744116338182,7.71972,1.575646162033081,319.539846592,5,3184.00468428,0.00640586,0.798831447421,-349.068,3269.48656162,124.48,-349.038,319.416373738,0.09644222259521484,296,10370.314432382584,34.33669090270996,2252.34,0.745701813932,0.745701813932,3106.9427541,0.881654,319.409,0.7172527313232422,0.0299377,319.531,0.0,248.26659771,3.25352450714,56.7492085363
0.730813844052,7.7187,1.57765793800354,319.921894184,5,3130.41237668,0.00996408,0.89157590185,-347.515,3185.05386538,124.849,-347.48,319.781382594,0.09130644798278809,297,10404.560353040695,34.12132167816162,2250.04,0.730526159771,0.730526159771,3077.36100756,0.881576,319.775,0.7271957397460938,0.034668,319.915,0.0,256.537642006,3.1854909992,41.5332579702
0.752516839154,7.71739,1.619971513748169,319.669281552,5,3186.37409167,0.00652514,0.853599388036,-349.391,3237.0475908,127.516,-349.351,319.538458652,0.10436201095581055,298,10439.559510946274,34.87080693244934,2247.09,0.754357929587,0.754357929587,3160.32943259,0.881468,319.532,0.8018841743469238,0.0401001,319.662,0.0,242.861215546,3.19372854019,26.9886343809
0.738079773725,7.7172,1.6109912395477295,319.883147493,5,3243.8288132,0.00652461,0.871098802793,-347.496,3369.04769577,112.04,-347.454,319.756209136,0.10203075408935547,299,10474.590317487717,34.908844232559204,2246.65,0.737649898313,0.737649898313,3012.68749754,0.881453,319.75,0.7668230533599854,0.0418091,319.876,0.0,255.561159389,3.08110232178,124.489627209
0.768564367924,7.71722,1.6306700706481934,320.294949423,5,3159.61417673,0.00663532,0.892841483399,-347.615,3357.27990022,120.735,-347.576,320.145908469,0.10227751731872559,300,10510.201313495636,35.48313498497009,2246.7,0.769044478686,0.769044478686,2955.93510202,0.881535,320.139,0.7785298824310303,0.0394287,320.286,0.0,243.557371616,3.1241853089,137.981710347
0.645062131817,7.71682,1.6034934520721436,319.894179003,5,2499.12583715,0.00983225,0.319492648054,-290.261,3215.91640275,118.595,-290.224,319.739045052,0.09845995903015137,301,10545.00856757164,34.67297172546387,2245.8,0.644746169903,0.644746169903,21.2570455612,0.881531,319.736,0.7287912368774414,0.0367432,319.89,0.0,225.478174957,3.10112364761,1242.02642706
0.662036638711,7.7141,1.5643863677978516,319.609783268,5,3157.87528952,0.00656349,0.678474382261,-344.864,3304.19737612,119.936,-344.811,319.468103316,0.0991055965423584,302,10579.79982972145,34.66461682319641,2239.7,0.663729028102,0.663729028102,3057.10185642,0.88114,319.46,0.7015645503997803,0.0533447,319.602,0.0,248.39606594,3.14364246917,88.3055800072
0.752803293169,7.71156,1.6323573589324951,319.60362487,5,3197.63527021,0.00962204,0.861620784431,-348.313,3344.35416049,131.55,-348.273,319.446805814,0.10496258735656738,303,10614.626471281052,34.697070837020874,2234.01,0.752320910169,0.752320910169,2967.647291,0.880783,319.439,0.8075203895568848,0.0402222,319.595,0.0,251.142071022,3.23176503557,127.349344907
0.769223556952,7.71181,1.5894596576690674,319.298407591,5,3239.37393911,0.00653309,0.888075917442,-347.893,3329.28702856,129.045,-347.82,319.139513309,0.09984374046325684,304,10649.137331008911,34.393186807632446,2234.57,0.770131073778,0.770131073778,3105.61210439,0.880825,319.133,0.7526364326477051,0.0726013,319.29,0.0,235.327313738,3.18606270087,73.2776147104
0.737841318288,7.71187,1.578618049621582,319.927840956,5,3166.69617443,0.00980215,0.864153609903,-346.631,3333.37616805,114.913,-346.595,319.781319976,0.09853577613830566,305,10683.793922185898,34.533345222473145,2234.71,0.740087091057,0.740087091057,3047.36256544,0.880869,319.774,0.7477197647094727,0.0361328,319.92,0.0,226.45500003,3.07789883444,132.539464677
0.782823338793,7.70757,1.5853872299194336,320.289209261,5,3161.75676407,0.0064159,0.823943102023,-347.899,3326.0216477,122.962,-347.862,320.152789082,0.09919881820678711,306,10718.801677942276,34.88236737251282,2225.13,0.781772409848,0.781772409848,3029.01825155,0.880262,320.146,0.7467293739318848,0.0370789,320.282,0.0,241.23174199,3.10901382455,134.999551191
0.776031269432,7.70595,1.5864808559417725,320.161617077,5,3207.70190734,0.00983077,0.872352076444,-347.569,3356.22503231,117.595,-347.531,320.035392199,0.10005378723144531,307,10753.837386369705,34.90894055366516,2221.52,0.776284051358,0.776284051358,3060.3467526,0.880067,320.03,0.722055196762085,0.037323,320.155,0.0,233.342920448,3.08420090109,115.458689599
0.770438215432,7.70355,1.6020231246948242,320.913263734,5,3242.11973058,0.00650178,0.883899761201,-348.63,3433.32873852,124.845,-348.59,320.766788105,0.10103893280029297,308,10789.02781200409,35.06678795814514,2216.2,0.770572211626,0.770572211626,3182.37386783,0.879804,320.761,0.7353694438934326,0.0402222,320.906,0.0,259.49556029,3.13213898347,96.1706191926
0.748167032471,7.70053,1.6055076122283936,321.354061163,5,3212.5544528,0.00995674,0.859599567403,-347.27,3372.95024115,122.584,-347.222,321.232229591,0.10149097442626953,309,10823.967292308807,34.81534242630005,2209.51,0.748354840822,0.748354840822,2972.20179361,0.879383,321.225,0.7517654895782471,0.0480042,321.346,0.0,249.657241183,3.12096286621,144.144009426
0.719440254057,7.70107,1.607433557510376,321.797294501,5,3323.84139031,0.009718,0.877642293525,-352.519,3363.09285906,117.337,-352.475,321.663604721,0.09780359268188477,310,10858.077152967453,33.98897647857666,2210.7,0.721009570377,0.721009570377,3276.81942391,0.879468,321.658,0.7335214614868164,0.0437622,321.79,0.0,252.984044578,3.13999136106,35.8004358702
0.750486864728,7.70158,1.5435080528259277,322.043487995,5,3341.32189612,0.00644444,0.904319860984,-351.946,3448.69191266,124.174,-351.907,321.915258552,0.08698368072509766,311,10891.246941328049,33.05100607872009,2211.84,0.750660080933,0.750660080933,3166.31963463,0.879535,321.909,0.6480610370635986,0.0384216,322.036,0.0,254.261892443,3.1873363519,95.656303546
0.790218893099,7.69791,1.5564000606536865,322.917093767,5,3165.817542,0.00992214,0.892040905499,-348.876,3223.40377633,119.359,-348.835,322.760858047,0.08900046348571777,312,10924.551476716995,33.1844379901886,2203.74,0.79196291257,0.79196291257,3083.98817599,0.879037,322.754,0.6566071510314941,0.0418091,322.909,0.0,224.619507135,3.14170089012,45.4439368083
0.730137386766,7.69716,1.5429508686065674,323.384215533,5,3186.30425112,0.00977396,0.842196948547,-349.473,3275.39373595,114.696,-349.433,323.234393475,0.09266257286071777,313,10957.919024705887,33.250372886657715,2202.09,0.7321689805,0.7321689805,3054.79446616,0.878931,323.226,0.6547057628631592,0.0403748,323.375,0.0,242.047026414,3.11486416083,75.1118073659
0.744820006679,7.69777,1.5594327449798584,323.67303561,5,3187.87164388,0.00989089,0.865989756023,-349.011,3420.47819606,115.566,-348.971,323.538745693,0.09141254425048828,314,10991.319714546204,33.27844047546387,2203.43,0.746417973536,0.746417973536,3050.44353204,0.879094,323.532,0.6816127300262451,0.0396423,323.666,0.0,242.833915192,3.07402706998,144.131956815
0.776615339684,7.69828,1.5475919246673584,324.179783474,5,3286.29154072,0.00975046,0.816426896176,-353.493,3357.63805354,111.274,-353.46,324.065617927,0.09076738357543945,315,11024.593824625015,33.150038957595825,2204.55,0.777762317813,0.777762317813,3138.47750215,0.87919,324.06,0.6610758304595947,0.0325928,324.173,0.0,242.299204796,3.03323593848,80.0167753332
0.736775393765,7.69874,1.5701284408569336,324.140878497,5,3207.44277472,0.00969813,0.869731115392,-349.453,3281.85266656,131.098,-349.411,324.029380668,0.09231901168823242,316,11058.040117025375,33.326573610305786,2205.56,0.736525253992,0.736525253992,3070.72733886,0.879279,324.023,0.6768724918365479,0.0419922,324.135,0.0,243.979859273,3.1148804621,75.4250642909
0.742060825876,7.69646,1.540083408355713,324.14258038,5,3183.35862611,0.00644572,0.838901053211,-349.142,3392.27256696,115.601,-349.061,324.015818799,0.08711004257202148,317,11091.163065195084,33.00431728363037,2200.54,0.741165849589,0.741165849589,3107.67332686,0.878962,324.01,0.6456284523010254,0.0809021,324.136,0.0,240.601793156,3.02725618072,106.006318927
0.764284765485,7.69596,1.5714161396026611,324.049783714,5,3190.2224034,0.00979298,0.86303728985,-351.424,3344.13166324,137.256,-351.385,323.941425199,0.09587335586547852,318,11124.79812836647,33.51311731338501,2199.45,0.765393600049,0.765393600049,3013.11610094,0.878894,323.935,0.6703405380249023,0.0394592,324.043,0.0,244.026403587,3.11975875733,122.193015443
0.765265481485,7.69485,1.5778985023498535,323.703918356,5,3225.38289565,0.00646032,0.887690086964,-351.834,3315.6695067,130.684,-351.794,323.557068936,0.09176445007324219,319,11158.266672611237,33.34553241729736,2197.01,0.764779546333,0.764779546333,3152.64018207,0.87879,323.551,0.6737334728240967,0.0396729,323.697,0.0,231.967397749,3.10473400528,66.4097099429
0.752558484766,7.69427,1.556135892868042,324.063077117,5,3149.25086135,0.00981378,0.901596550177,-349.579,3234.38368647,114.81,-349.543,323.929216689,0.08780908584594727,320,11191.490308761597,33.10688257217407,2195.74,0.754494382042,0.754494382042,3051.59137242,0.878723,323.922,0.6632311344146729,0.0357666,324.055,0.0,232.588494339,3.0549748825,59.2024500978
0.764273484108,7.69158,1.564284086227417,325.13732579,5,3062.68174761,0.00641852,0.887911992862,-347.015,3226.41506129,117.252,-346.983,325.108438632,0.08832478523254395,321,11224.958997964859,33.34711456298828,2189.82,0.765862678437,0.765862678437,2821.94025841,0.878362,325.103,0.6525821685791016,0.0317078,325.131,0.0,229.031486614,3.03400585533,134.336711809
0.753377848413,7.68946,1.5740385055541992,325.2091076,5,3126.47291516,0.00978572,0.888521279203,-348.525,3309.96934907,121.697,-348.492,325.172135869,0.09502315521240234,322,11258.434152126312,33.34965944290161,2185.2,0.754071765097,0.754071765097,2986.6412573,0.878111,325.165,0.6957437992095947,0.0327148,325.202,0.0,241.523365403,3.05295884962,103.796062181
0.762469344074,7.68701,1.560844898223877,325.668917675,5,3237.30603768,0.00989377,0.867228493647,-350.253,3365.82329055,115.819,-350.222,325.636121429,0.09411072731018066,323,11292.184028863907,33.630916357040405,2179.85,0.762415142629,0.762415142629,3103.21934334,0.877764,325.631,0.6793982982635498,0.0314636,325.664,0.0,248.586380165,2.99687095906,94.2449834756
0.74673287324,7.68118,1.5572891235351562,325.61897153,5,3121.55421797,0.0097202,0.87535899838,-349.496,3193.97404796,119.085,-349.463,325.5869571,0.0890953540802002,324,11325.974570035934,33.670860052108765,2167.18,0.745983504859,0.745983504859,3065.88009624,0.876945,325.581,0.6646008491516113,0.0333862,325.613,0.0,227.231444785,2.98778922725,41.0868831843
0.762688865983,7.68028,1.5701837539672852,326.416399878,5,3281.45769,0.00640948,0.821101142765,-353.239,3476.32247957,113.095,-353.203,326.38415562,0.09278702735900879,325,11359.795530319214,33.70107817649841,2165.23,0.763878866617,0.763878866617,3089.95487834,0.876873,326.379,0.677788496017456,0.0360718,326.411,0.0,241.807375122,2.96594585238,139.750612479
0.590915639935,7.67933,1.5609476566314697,326.836205557,5,2709.39113394,0.0098281,-0.556848969864,-307.279,3265.94025064,119.163,-307.219,326.813051637,0.09167146682739258,326,11393.65081501007,33.731703996658325,2163.16,0.590688932623,0.590688932623,880.19436249,0.876816,326.808,0.667264461517334,0.0602417,326.831,0.0,239.508670203,2.981075972,918.863732785
0.730894398247,7.67968,1.572340726852417,327.242173125,5,3232.83522165,0.00965464,0.780672465511,-350.734,3376.12289967,125.44,-350.697,327.208280554,0.0957024097442627,327,11427.44581413269,33.66754674911499,2163.92,0.730851238231,0.730851238231,3005.37496067,0.87686,327.2,0.69112229347229,0.0370789,327.234,0.0,243.942584951,3.03757816552,128.347053847
0.639568693193,7.68212,1.6118738651275635,327.415218082,5,2989.20334177,0.00647748,0.711157777013,-330.696,3375.79232693,118.7,-330.652,327.38610451,0.10167288780212402,328,11461.911984920502,34.339093923568726,2169.21,0.639116422703,0.639116422703,2231.31144117,0.877331,327.38,0.7337372303009033,0.0441284,327.409,0.0,240.301969436,2.98830966701,420.301085652
0.705703957703,7.68156,1.587820291519165,327.401991524,5,3283.66127875,0.00996294,0.835260486975,-352.537,3309.98495439,117.203,-352.491,327.364710233,0.10076546669006348,329,11496.530165195465,34.49311804771423,2167.99,0.70554097948,0.70554097948,3226.87991942,0.877302,327.358,0.7315821647644043,0.0457153,327.395,0.0,247.86189491,3.01226442832,29.6906226601
0.744517356258,7.67832,1.6035208702087402,327.391171564,5,3148.97273416,0.00981452,0.879317996275,-350.845,3305.85605706,132.751,-350.806,327.349622989,0.0961008071899414,330,11531.285976409912,34.63305377960205,2160.99,0.743671004285,0.743671004285,2725.2827386,0.876853,327.344,0.7343385219573975,0.0387268,327.386,0.0,248.094315025,3.09388660698,218.963680585
0.756808394401,7.67654,1.5762693881988525,327.541178029,5,3293.96652581,0.00644843,0.856428899924,-351.09,3389.24404121,125.856,-351.05,327.502151005,0.09888935089111328,331,11565.693015575409,34.28031373023987,2157.15,0.757405341827,0.757405341827,3156.00914943,0.876601,327.495,0.7139725685119629,0.0397034,327.534,0.0,254.509823059,3.06045186239,92.1681871427
0.755394087953,7.67765,1.5952260494232178,327.662359203,5,3244.47655618,0.00642618,0.878964450369,-351.93,3567.47694996,117.883,-351.901,327.628377943,0.10306549072265625,332,11600.227709054947,34.41114830970764,2159.54,0.754246623955,0.754246623955,3105.17408342,0.876828,327.623,0.7386198043823242,0.0289307,327.657,0.0,246.221480174,3.0043586245,169.456278872
0.71595366499,7.67783,1.5938968658447266,328.397259786,5,3244.9974688,0.00987065,0.911054434838,-351.364,3383.1075583,134.921,-351.322,328.371100437,0.10250997543334961,333,11634.894152402878,34.53910255432129,2159.94,0.717195668106,0.717195668106,3088.29498962,0.876887,328.365,0.720259428024292,0.0415039,328.391,0.0,257.437903236,3.10728233367,114.230796114
0.749058352633,7.67876,1.6226577758789062,328.67782161,5,3324.97589123,0.0093489,0.911849856581,-354.292,3452.84287921,118.558,-354.247,328.645087686,0.10615110397338867,334,11669.345983505249,34.328580141067505,2161.93,0.750479435335,0.750479435335,3253.3618131,0.877079,328.639,0.7688577175140381,0.0451355,328.672,0.0,258.597076065,3.05598881676,73.4076746108
0.761416927133,7.677,1.5746078491210938,329.000491481,5,3323.35025226,0.00642967,0.895414931483,-353.752,3372.80538882,126.331,-353.703,328.969336893,0.09727716445922852,335,11703.835985422134,34.36561179161072,2158.13,0.762864949625,0.762864949625,3243.64454099,0.876858,328.963,0.7181172370910645,0.0483398,328.994,0.0,260.723662078,3.07130838271,49.756498035
0.764048139357,7.6769,1.5934700965881348,329.278033224,5,3234.37217395,0.00654112,0.862534480337,-351.202,3354.10837958,124.45,-351.166,329.251235645,0.09644579887390137,336,11738.383489370346,34.42070460319519,2157.92,0.765807670875,0.765807670875,3149.88241628,0.876864,329.246,0.7143635749816895,0.0365906,329.273,0.0,251.143995457,3.05338572536,70.4381488568
0.735266256924,7.67569,1.5967597961425781,329.572914043,5,3219.54291965,0.00665386,0.830568171597,-352.799,3310.21984187,132.558,-352.75,329.552361764,0.09742569923400879,337,11773.232422113419,34.726407289505005,2155.31,0.736867580328,0.736867580328,3021.86352403,0.876755,329.546,0.7276651859283447,0.0480957,329.566,0.0,249.40517479,3.10471902672,103.473544041
0.760782524571,7.67394,1.625615119934082,329.897727355,5,3223.28148469,0.00648314,0.874170278282,-353.01,3326.41049301,117.211,-352.984,329.865272929,0.10258650779724121,338,11808.38570523262,35.02781581878662,2151.55,0.761071166088,0.761071166088,3026.87790208,0.876524,329.86,0.7632083892822266,0.0261841,329.892,0.0,234.858236062,3.00195815474,109.535264891
0.724714501685,7.67186,1.599015235900879,330.463908888,5,3236.31258696,0.00645351,0.859226101084,-353.344,3432.63825864,122.302,-353.313,330.431523172,0.10217857360839844,339,11843.25695157051,34.74158453941345,2147.07,0.726002053959,0.726002053959,3055.53551568,0.87624,330.424,0.7302584648132324,0.0305176,330.457,0.0,259.970671292,3.0200697042,144.272375647
0.719653023297,7.67045,1.6192896366119385,330.84076459,5,3211.29726373,0.00968749,0.874477682741,-352.506,3295.36709471,136.726,-352.471,330.813886377,0.10458135604858398,340,11878.038404941559,34.651827573776245,2144.05,0.721520151776,0.721520151776,3039.68612053,0.876101,330.808,0.7818098068237305,0.0345459,330.835,0.0,252.129537842,3.09269165661,94.4033747621
0.760921847501,7.66693,1.611327886581421,331.19939074,5,3258.29724919,0.00990601,0.885809110235,-353.41,3293.88353921,134.417,-353.371,331.171214008,0.09842371940612793,341,11913.125041484833,34.96420192718506,2136.51,0.761377968767,0.761377968767,3229.17265541,0.875629,331.165,0.7724771499633789,0.0391235,331.194,0.0,250.777007909,3.09279145763,24.7224971997
0.767110338893,7.66756,1.5662128925323486,331.706213378,5,3165.26768365,0.00646295,0.872695248118,-348.896,3262.80343812,132.895,-348.866,331.679609373,0.09989595413208008,342,11948.01772737503,34.76630425453186,2137.85,0.767333818104,0.767333818104,3040.75889431,0.875699,331.674,0.7682757377624512,0.0299683,331.7,0.0,252.695859832,3.09089119546,74.7411090541
0.460408603432,7.66612,1.543877124786377,331.737384963,5,3059.83933887,0.00995949,-0.84030276106,-332.356,3371.80924438,113.465,-332.307,331.679354255,0.09979391098022461,343,11983.130914926529,34.99677515029907,2134.78,0.460423678112,0.460423678112,2050.1358713,0.875513,331.673,0.7306180000305176,0.0496826,331.73,0.0,246.684101613,2.97408129961,507.436850688
0.723402075481,7.66595,1.5937011241912842,332.113681229,5,3260.44603594,0.00988775,0.77836253087,-354.132,3313.4055623,128.713,-354.096,332.058454254,0.09896731376647949,344,12018.497953176498,35.231586933135986,2134.43,0.723262633641,0.723262633641,3149.99373372,0.875529,332.054,0.7937655448913574,0.0359802,332.108,0.0,251.024109296,3.07070137239,57.6469471929
0.732333846526,7.66252,1.6271593570709229,332.825090362,5,3220.42020135,0.00962184,0.84755356235,-353.042,3330.39775852,126.337,-352.985,332.769767196,0.11211633682250977,345,12054.72108745575,36.096683502197266,2127.1,0.734941636822,0.734941636822,3086.18166133,0.875087,332.763,0.8211696147918701,0.0571289,332.818,0.0,263.09075782,3.0598417159,80.6718091569
0.747183956374,7.66181,1.7030155658721924,332.75400345,5,3315.32460292,0.00642274,0.891555632638,-355.509,3378.05393889,128.626,-355.477,332.687951339,0.11784577369689941,346,12090.580692052841,35.7243332862854,2125.6,0.747808798494,0.747808798494,3232.7691173,0.875,332.682,0.8912696838378906,0.0323792,332.748,0.0,252.655032566,3.06191328519,58.4405234701
0.762725461126,7.6608,1.614506483078003,333.281542171,5,3329.71631958,0.00975093,0.892907400473,-355.602,3488.99336097,130.233,-355.568,333.206888855,0.101715087890625,347,12126.402470588684,35.691558599472046,2123.45,0.762480587905,0.762480587905,3170.68114048,0.874915,333.201,0.7632532119750977,0.033905,333.275,0.0,251.827397823,3.046347977,118.73804811
0.77350304753,7.66038,1.6414544582366943,333.452214378,5,3189.01965895,0.00671806,0.869474291953,-352.696,3341.44082052,125.524,-352.663,333.377524614,0.10734057426452637,348,12162.745724201202,36.211597204208374,2122.55,0.773773547602,0.773773547602,3025.14425829,0.874949,333.372,0.8039276599884033,0.0338135,333.447,0.0,243.187789921,3.01869453707,119.71711321
0.757238399683,7.65968,1.662318468093872,333.568987877,5,3267.67488192,0.00995238,0.891461275152,-352.813,3361.96195928,126.354,-352.772,333.495991284,0.11052274703979492,349,12199.939878463745,37.06296491622925,2121.08,0.758521688891,0.758521688891,3201.11955807,0.874892,333.49,0.8210434913635254,0.0405273,333.563,0.0,250.343057946,3.01725715594,53.2239615276
0.752476966392,7.65949,1.6429498195648193,333.5211868,5,3229.27909356,0.00976608,0.899794542927,-353.63,3298.8837684,125.508,-353.592,333.459724368,0.10651540756225586,350,12236.425741434097,36.357497215270996,2120.67,0.752837616471,0.752837616471,3137.10220041,0.87485,333.455,0.8060669898986816,0.0386353,333.515,0.0,249.364066341,2.99566384567,56.4204377198
0.586666214659,7.65861,1.7492928504943848,333.776981801,5,3034.57075034,0.00986014,0.63745168139,-330.621,3386.03671671,128.122,-330.573,333.711178328,0.11656045913696289,351,12273.165227413177,36.59626293182373,2118.81,0.587519329252,0.587519329252,2149.06464602,0.874767,333.704,0.8958947658538818,0.0482178,333.77,0.0,247.760326605,3.01187889494,448.056983892
0.661736042093,7.65388,1.670241355895996,333.836954892,5,3236.46759339,0.00659237,0.841258516774,-353.033,3277.36383612,132.389,-352.999,333.756131492,0.1089177131652832,352,12310.43444943428,37.13916540145874,2108.8,0.661983612125,0.661983612125,3200.99639115,0.874104,333.75,0.8164856433868408,0.0344238,333.831,0.0,252.097426135,2.99790862443,33.4356356531
0.592159967644,7.6551,1.6940069198608398,333.795707644,5,2901.48436599,0.00652367,0.535528513101,-320.119,3283.38622439,125.124,-320.067,333.717499809,0.1126410961151123,353,12347.767010688782,37.19646763801575,2111.38,0.593435697873,0.593435697873,1540.34528296,0.874274,333.711,0.8581037521362305,0.0520935,333.789,0.0,241.1775351,2.9798879768,681.432659937
0.703939369607,7.65321,1.7182586193084717,333.944003501,5,3288.66451912,0.0065243,0.801513625306,-352.898,3477.69900742,123.67,-352.857,333.876732872,0.113067626953125,354,12384.593272447586,36.69238495826721,2107.39,0.70531000707,0.70531000707,3073.07861771,0.87405,333.872,0.8773500919342041,0.0402832,333.939,0.0,231.64565834,2.94024329831,136.640084358
0.598661634254,7.65263,1.7212765216827393,334.215869354,5,2853.24344849,0.00640573,0.590669944686,-312.514,3409.623893,124.045,-312.471,334.152283653,0.1136467456817627,355,12422.283411979675,37.54573464393616,2106.18,0.598213030703,0.598213030703,1198.51161799,0.873983,334.146,0.8838562965393066,0.0432129,334.21,0.0,245.169671892,2.96072365027,833.582335989
0.698362975572,7.64934,1.7151241302490234,334.071478887,5,3269.44457829,0.00981111,0.809299766098,-352.32,3369.56913021,120.63,-352.285,334.003115104,0.11823248863220215,356,12460.533793926239,38.11106252670288,2099.26,0.698490279738,0.698490279738,3120.42871166,0.873536,333.997,0.8750665187835693,0.0354919,334.066,0.0,251.391977579,2.93425549707,107.064020755
0.661555143076,7.64843,1.7346405982971191,334.207693585,5,3187.01785044,0.00983301,0.846421424396,-342.264,3378.44272228,132.773,-342.223,334.141244591,0.11883401870727539,357,12498.756539106369,38.086374044418335,2097.35,0.661785194636,0.661785194636,2884.89582857,0.873487,334.133,0.8913609981536865,0.0409241,334.199,0.0,238.926173793,3.0083190361,183.467492704
0.734277087655,7.64717,1.728327751159668,334.027063503,5,3282.71754332,0.00985121,0.810596546196,-354.036,3403.23304546,132.681,-354.0,333.951432064,0.11719751358032227,358,12536.59812259674,37.69837498664856,2094.71,0.736058417538,0.736058417538,3163.73056287,0.873308,333.947,0.8794291019439697,0.0364685,334.021,0.0,260.453928641,3.0215060022,86.5373351968
0.749698755925,7.64146,1.731041669845581,334.20321398,5,3345.34429153,0.00999412,0.870020711428,-355.666,3550.14055903,117.877,-355.618,334.12816277,0.11706066131591797,359,12574.642017364502,37.893924951553345,2082.78,0.749874115218,0.749874115218,3139.42108118,0.872528,334.123,0.8925139904022217,0.0484009,334.198,0.0,233.327918326,2.93521147717,147.350186069
0.740169642311,7.64038,1.721513032913208,334.222958125,5,3250.33189453,0.00642012,0.849440767922,-351.406,3354.76832652,126.253,-351.358,334.157547578,0.11852598190307617,360,12611.875557899475,37.087063789367676,2080.52,0.739679711431,0.739679711431,3070.03695267,0.872403,334.156,0.8734571933746338,0.047699,334.221,0.0,245.630210348,2.97943219108,99.5689988432
0.739088753843,7.6412,1.6272130012512207,334.414999229,5,3268.25421375,0.00973993,0.841466097137,-350.61,3465.78857564,115.434,-350.569,334.359760059,0.10514640808105469,361,12647.600237369537,35.5947105884552,2082.25,0.74038779215,0.74038779215,3182.71789673,0.872555,334.353,0.7794806957244873,0.0410461,334.408,0.0,247.641513041,2.90255581994,107.655372462
0.759833516752,7.63739,1.6464452743530273,335.033309379,5,3281.40382269,0.00987504,0.820069591565,-350.818,3424.3658849,114.184,-350.776,334.976610044,0.1073768138885498,362,12682.91239476204,35.187976598739624,2074.31,0.759673976324,0.759673976324,3088.31747861,0.872052,334.969,0.7850050926208496,0.0419922,335.025,0.0,254.883598596,2.92343675829,119.796228697
0.752826143094,7.63636,1.6033284664154053,335.511243256,5,3240.47684782,0.0098737,0.873351148351,-352.747,3394.88115102,127.395,-352.719,335.439522218,0.10884308815002441,363,12718.082131624222,35.04276657104492,2072.19,0.753630931352,0.753630931352,3135.2536389,0.871952,335.434,0.7545154094696045,0.0285034,335.506,0.0,246.804995909,2.99982817293,84.8558756061
0.720914472263,7.63035,1.6317317485809326,335.626946152,5,3322.7888706,0.00998209,0.852916263601,-354.483,3490.23030071,126.668,-354.444,335.555879307,0.10648298263549805,364,12753.645239591599,35.435060024261475,2059.77,0.72031795776,0.72031795776,3174.66937224,0.871161,335.552,0.7829511165618896,0.039093,335.623,0.0,240.283427941,2.97631083108,103.475797347
0.748510633107,7.62643,1.6193771362304688,336.41728384,5,3327.32345122,0.00943551,0.829991281549,-355.33,3406.82786659,128.998,-355.289,336.345075289,0.10640335083007812,365,12788.8930850029,35.12181878089905,2051.71,0.750095196449,0.750095196449,3223.04779097,0.870649,336.34,0.772064208984375,0.0409851,336.411,0.0,260.071662233,2.99745725765,62.7014737004
0.757552057744,7.62544,1.6124567985534668,336.031250035,5,3289.30187389,0.00950911,0.866553887689,-353.048,3507.85915298,134.005,-352.973,335.970962015,0.10230112075805664,366,12824.256053209305,35.236737966537476,2049.69,0.756433392482,0.756433392482,3120.91613917,0.870523,335.963,0.7696480751037598,0.074707,336.023,0.0,244.564111193,3.01524153363,146.549002477
0.756961461817,7.62643,1.5937440395355225,336.591287543,5,3241.48506981,0.00988097,0.915081247077,-352.785,3363.8882557,131.315,-352.751,336.532910236,0.0954427719116211,367,12859.254746198654,34.87489128112793,2051.71,0.755290084526,0.755290084526,3165.1751424,0.870676,336.527,0.7411777973175049,0.0344849,336.585,0.0,242.867727026,3.01236277052,70.9453050539
0.754015035128,7.62336,1.6165118217468262,336.578427305,5,3288.96870188,0.00690617,0.888430602449,-353.759,3469.91701707,122.378,-353.712,336.50852306,0.10229682922363281,368,12894.427120685577,35.04531002044678,2045.42,0.753196820155,0.753196820155,3166.52804437,0.870315,336.503,0.7836110591888428,0.0466919,336.572,0.0,245.598099068,2.95527621712,103.739271004
0.751671106877,7.62111,1.644655704498291,336.517471928,5,3324.20992964,0.00643694,0.889662429965,-354.34,3478.97826332,135.486,-354.31,336.454598996,0.11014175415039062,369,12929.596705198288,35.04569411277771,2040.83,0.751803941616,0.751803941616,3178.08207164,0.870001,336.45,0.82753586769104,0.0297241,336.512,0.0,254.68856364,3.00601732098,103.618244853
0.777589219499,7.61563,1.6439054012298584,336.555462639,5,3308.38631011,0.00650804,0.848374338458,-352.936,3398.74863887,122.828,-352.895,336.503926921,0.10517120361328125,370,12964.594417095184,34.86809539794922,2029.67,0.778499548517,0.778499548517,3234.33448031,0.869286,336.497,0.8173527717590332,0.0405273,336.549,0.0,252.484067967,2.92195105596,55.7888717407
0.747845631627,7.61379,1.6265878677368164,336.892088473,5,3323.38330918,0.00998831,0.879405206371,-355.478,3408.49598385,129.321,-355.451,336.843305686,0.10459685325622559,371,13000.108833312988,35.38577699661255,2025.95,0.749292716025,0.749292716025,3274.17860923,0.869037,336.84,0.7830367088317871,0.0264282,336.888,0.0,261.344794022,2.96971983886,51.5059030072
0.750861004887,7.60963,1.6061687469482422,337.145996709,5,3221.525632,0.00647997,0.873947886035,-350.925,3320.38743385,125.602,-350.891,337.085447501,0.10179996490478516,372,13035.33965420723,35.104305028915405,2017.53,0.752584403945,0.752584403945,3117.99632771,0.868526,337.08,0.7560505867004395,0.034668,337.14,0.0,245.815159606,2.95035456706,68.0374516262
0.640061326732,7.60955,1.6192338466644287,337.228118896,5,2670.61299621,0.0096877,0.665611998632,-293.862,3333.58558957,130.828,-293.816,337.169012944,0.1039891242980957,373,13070.403929710388,34.93355202674866,2017.36,0.640566525966,0.640566525966,318.867866973,0.868556,337.163,0.7640330791473389,0.0457458,337.222,0.0,240.174801304,2.98014712518,1178.24134945
0.632037452744,7.61067,1.6179802417755127,336.597924607,5,2697.72816495,0.00642524,0.886258106104,-300.506,3317.77332195,124.996,-300.468,336.531835848,0.09963321685791016,374,13104.954576730728,34.42716336250305,2019.63,0.632493024874,0.632493024874,466.943986278,0.868702,336.525,0.7491919994354248,0.038147,336.591,0.0,236.342359563,2.91230926914,1117.70259915
0.584199627452,7.60986,1.6209716796875,336.769533129,5,3142.19810291,0.00653445,0.746511473453,-336.43,3539.0601732,122.409,-336.395,336.701028097,0.10316586494445801,375,13139.944070577621,34.863027572631836,2018.0,0.584135166544,0.584135166544,2296.33336204,0.868616,336.697,0.7588729858398438,0.0345764,336.765,0.0,257.87870774,2.93438965998,443.708171177
0.705431758008,7.60874,1.6354990005493164,337.244033906,5,3283.51072631,0.00992811,0.851622159391,-353.315,3494.2883892,126.034,-353.285,337.174736436,0.10039806365966797,376,13174.94053530693,34.865663290023804,2015.73,0.703281193353,0.703281193353,3158.93602293,0.86847,337.169,0.7607622146606445,0.0307312,337.238,0.0,257.643559275,2.92837349818,112.136079675
0.76212737571,7.6059,1.570655107498169,337.601817001,5,3394.45801246,0.00647635,0.844542116218,-356.053,3564.53833056,122.258,-356.02,337.539080433,0.08935832977294922,377,13209.45378780365,34.39023399353027,2010.01,0.762845670855,0.762845670855,3171.64539812,0.868194,337.533,0.6763584613800049,0.0327148,337.596,0.0,271.208783575,2.8793868884,128.327739775
0.739179247261,7.60103,1.629929542541504,338.17772861,5,3351.8459853,0.00984332,0.885661823026,-355.711,3379.89308885,124.327,-355.666,338.116377003,0.10283112525939941,378,13244.601548194885,35.02337837219238,2000.25,0.739811199315,0.739811199315,3296.24957982,0.867483,338.111,0.77278733253479,0.0449219,338.172,0.0,267.745604886,2.88678560576,28.9696898413
0.610565187704,7.6001,1.611269474029541,338.488896807,5,3143.87506788,0.00986163,0.745937067185,-336.889,3449.55094147,129.452,-336.842,338.423150884,0.10303044319152832,379,13279.844198226929,35.112937688827515,1998.39,0.612107713688,0.612107713688,2350.85540679,0.86736,338.417,0.7682318687438965,0.0463562,338.482,0.0,258.496225158,2.90614410356,403.530928113
0.739633715521,7.59759,1.6134753227233887,339.245403042,5,3383.32609952,0.0099773,0.836791376891,-355.565,3498.29377876,129.907,-355.527,339.219063256,0.10284543037414551,380,13314.807675123215,34.83089017868042,1993.39,0.738547371123,0.738547371123,3204.89507883,0.867068,339.213,0.7564165592193604,0.0377808,339.239,0.0,254.635921251,2.95557043334,135.653677865
0.621856304805,7.59559,1.6186342239379883,339.288183329,5,3134.00952907,0.00984907,0.774569284187,-341.328,3437.55881374,129.94,-341.277,339.256251314,0.09990596771240234,381,13349.62578177452,34.691967487335205,1989.4,0.622568083221,0.622568083221,2489.29725912,0.866781,339.252,0.7585020065307617,0.0515137,339.284,0.0,254.908254274,2.95900767782,349.058895354
0.728707306528,7.5943,1.6057240962982178,339.350444449,5,3292.56376149,0.00989237,0.836642171439,-354.945,3356.02893991,138.905,-354.91,339.325980231,0.0969398021697998,382,13384.33074426651,34.57462120056152,1986.85,0.72976386108,0.72976386108,3175.42694977,0.866611,339.319,0.7469477653503418,0.0347595,339.344,0.0,250.360318932,2.97406968332,62.5215385197
0.73522083642,7.59284,1.5720860958099365,339.434010448,5,3383.52882884,0.00988743,0.90778650968,-356.781,3516.277125,128.655,-356.741,339.405744685,0.09730815887451172,383,13419.658080816269,35.20323467254639,1983.94,0.735534741843,0.735534741843,3175.3334752,0.866515,339.4,0.7498376369476318,0.0404053,339.429,0.0,255.111121195,2.93287253444,115.036141932
0.582513392978,7.58905,1.5962092876434326,339.474082861,5,2823.76356665,0.00644795,-0.244910136214,-311.387,3358.29160401,127.912,-311.351,339.44705926,0.09779477119445801,384,13455.153714418411,35.36298179626465,1976.44,0.582981775676,0.582981775676,1200.88841127,0.866056,339.442,0.7626092433929443,0.0363464,339.469,0.0,243.586900538,2.91118691763,816.868319915
0.661523559552,7.58881,1.5909607410430908,339.739460096,5,3353.29797623,0.00997841,0.809985092715,-354.991,3531.54221244,128.702,-354.952,339.708933563,0.10615277290344238,385,13490.728051424026,35.453638315200806,1975.95,0.662889821507,0.662889821507,3261.15694393,0.865997,339.702,0.7855195999145508,0.0389099,339.732,0.0,245.254222631,2.9275057368,100.936918552
0.754558057242,7.58912,1.6250231266021729,340.485528862,5,3277.34143786,0.00643466,0.869481530197,-355.764,3377.96148476,133.047,-355.733,340.447319233,0.10803508758544922,386,13526.266517162323,35.41253113746643,1976.58,0.755158238452,0.755158238452,3135.0347812,0.866015,340.443,0.8162839412689209,0.0317688,340.481,0.0,255.654636262,2.94419614058,86.1990014877
0.756693555751,7.58916,1.6063361167907715,340.769136986,5,3253.96611544,0.00992543,0.871909067402,-354.228,3442.16556003,130.525,-354.187,340.744991133,0.10543274879455566,387,13561.336688518524,34.94954705238342,1976.65,0.757647645282,0.757647645282,2970.32103917,0.866036,340.739,0.7996964454650879,0.0406189,340.763,0.0,247.896015628,2.93435566624,169.563047708
0.744548346244,7.58482,1.5919251441955566,341.053806862,5,3284.15572963,0.00653011,0.883654688721,-353.998,3403.01987269,124.925,-353.962,341.029268141,0.10087299346923828,388,13596.2116792202,34.75376558303833,1968.08,0.745855628436,0.745855628436,3211.63626038,0.865483,341.023,0.7680191993713379,0.036438,341.047,0.0,244.689947906,2.87817689458,77.5633321181
0.784083645097,7.58473,1.5976536273956299,340.935328929,5,3233.49703525,0.0064129,0.849078653885,-355.876,3300.32150817,144.047,-355.848,340.91025391,0.09912729263305664,389,13631.238782405853,34.88775658607483,1967.92,0.78501906066,0.78501906066,3080.65124391,0.865504,340.907,0.7557134628295898,0.0283508,340.932,0.0,243.700077948,2.94689762968,83.2769101775
0.726485596687,7.58274,1.602466344833374,340.778949191,5,3266.45423204,0.009546,0.875981900369,-353.221,3341.77304305,119.23,-353.173,340.755704194,0.10153698921203613,390,13666.615123271942,35.252347469329834,1964.0,0.725666458648,0.725666458648,3188.58617429,0.865273,340.75,0.7520315647125244,0.0481567,340.773,0.0,261.847866923,2.83205210922,50.3339703439
0.756230435924,7.58291,1.6256966590881348,340.402814527,5,3306.15064897,0.00968616,0.854162940007,-355.281,3444.73842523,124.885,-355.246,340.378981683,0.10444045066833496,391,13701.36869430542,34.625004053115845,1964.33,0.756804761163,0.756804761163,3194.11575805,0.865334,340.373,0.7900240421295166,0.0352783,340.397,0.0,246.207837392,2.85532799227,87.3785853567
0.759268088568,7.57857,1.5654959678649902,340.616197931,5,3295.90542513,0.00918098,0.835514568161,-354.643,3390.66927921,132.658,-354.604,340.593579637,0.09905123710632324,392,13736.400812625885,34.9099326133728,1955.83,0.759685694291,0.759685694291,3176.99543791,0.864723,340.589,0.7406623363494873,0.0397644,340.611,0.0,253.713972982,2.94220688057,85.9538867508
0.731258453226,7.5771,1.5946087837219238,340.317809283,5,3283.59478385,0.00705928,0.836539161548,-352.529,3466.56072266,127.08,-352.473,340.296054231,0.09805774688720703,393,13771.218477010727,34.691256046295166,1952.95,0.732387309363,0.732387309363,3119.66887275,0.864537,340.291,0.7545166015625,0.056488,340.313,0.0,248.959890786,2.92675685386,112.657067064
0.747955033211,7.57635,1.5788724422454834,340.638598814,5,3404.5637635,0.00653666,0.897010980334,-357.22,3480.30941814,134.128,-357.187,340.614391077,0.09962892532348633,394,13806.235360383987,34.891889572143555,1951.49,0.746355336689,0.746355336689,3356.58690486,0.864441,340.609,0.7363569736480713,0.0322571,340.633,0.0,255.222664916,2.97292963445,43.0369131498
0.764604182573,7.57462,1.566730260848999,340.663141684,5,3293.98116595,0.00992714,0.885086663153,-354.542,3435.03698724,138.758,-354.499,340.640703522,0.09776043891906738,395,13841.509125947952,35.15145492553711,1948.12,0.764280338899,0.764280338899,3202.54309096,0.864271,340.635,0.7100131511688232,0.0424805,340.657,0.0,243.153844922,2.95078545569,80.4184800074
0.726602528757,7.57587,1.591176986694336,341.433925536,5,3394.71573081,0.00653004,0.899027261619,-356.661,3535.97364134,133.87,-356.626,341.409934235,0.1042776107788086,396,13876.704805850983,35.06958055496216,1950.56,0.727879728097,0.727879728097,3298.46408035,0.86452,341.404,0.7557580471038818,0.0354309,341.428,0.0,257.096899025,2.91528328392,81.1429146615
0.735385778231,7.57321,1.5902915000915527,341.447021328,5,3470.38624748,0.00654407,0.912045760435,-359.508,3526.08602618,132.586,-359.474,341.425350457,0.09629416465759277,397,13911.977801561356,35.12899041175842,1945.37,0.736840819281,0.736840819281,3376.40696929,0.864207,341.421,0.7577025890350342,0.0336304,341.443,0.0,266.097894887,2.88123276101,56.2773012685
0.748560007966,7.56919,1.6010911464691162,342.128452499,5,3323.20054768,0.00952617,0.893562560651,-355.107,3446.53517008,127.291,-355.056,342.102902087,0.11121582984924316,398,13947.529235839844,35.429332971572876,1937.56,0.749314815929,0.749314815929,3205.37135025,0.863635,342.098,0.7860755920410156,0.050354,342.123,0.0,258.198598053,2.8438139365,81.2813790032
0.734562392738,7.56884,1.608128547668457,342.054256639,5,3354.06864104,0.00975669,0.905756790695,-354.986,3491.05125707,125.956,-354.955,342.029624698,0.09898495674133301,399,13982.970067977905,35.30776810646057,1936.89,0.731749442559,0.731749442559,3212.2025453,0.863587,342.023,0.7922327518463135,0.0306702,342.048,0.0,259.035285099,2.85720594398,89.7096748574
0.746557852949,7.56749,1.5759336948394775,342.225707065,5,3306.97367278,0.00968163,0.869125831144,-354.106,3498.96480556,128.072,-354.04,342.201992164,0.09926271438598633,400,14017.850184202194,34.757325649261475,1934.29,0.746143886467,0.746143886467,3216.90825743,0.863438,342.196,0.7532496452331543,0.0656738,342.219,0.0,264.30862737,2.84246454648,107.20783094
0.757374451424,7.56752,1.581824779510498,342.201221626,5,3305.55989034,0.00697008,0.832744538695,-353.996,3392.94460517,129.331,-353.958,342.171229132,0.10126090049743652,401,14052.850849151611,34.871862173080444,1934.33,0.757069232594,0.757069232594,3141.7421909,0.863448,342.167,0.7873749732971191,0.0380859,342.197,0.0,248.856064534,2.86190125956,86.6013978587
0.744986563641,7.56715,1.5771188735961914,341.879852084,5,3222.03216798,0.00983053,0.822647870843,-352.583,3403.2784763,139.783,-352.547,341.855090142,0.09924507141113281,402,14087.755481004715,34.781224966049194,1933.62,0.745804334676,0.745804334676,3144.53275819,0.863401,341.85,0.7704675197601318,0.0357666,341.875,0.0,248.579512401,2.8718260088,93.7584328348
0.737108128754,7.56826,1.6178452968597412,341.705891362,5,3432.25614267,0.00645143,0.883572705906,-356.85,3516.3632908,134.243,-356.819,341.677425373,0.10261940956115723,403,14122.89326930046,35.00990104675293,1935.77,0.736580301994,0.736580301994,3308.89095816,0.863581,341.67,0.8365373611450195,0.0310974,341.698,0.0,263.488891447,2.88309400374,68.9811390303
0.757680475629,7.56815,1.6344313621520996,341.902373977,5,3346.7550684,0.00641546,0.918973095723,-356.21,3454.18347563,128.308,-356.184,341.876861781,0.10839366912841797,404,14158.409041166306,35.39014196395874,1935.57,0.759907142326,0.759907142326,3257.08394962,0.863599,341.872,0.848480224609375,0.0258484,341.897,0.0,260.73120394,2.84037480703,80.0998313084
0.769094696974,7.56876,1.5952579975128174,342.051535289,5,3362.03453567,0.00668637,0.872994001309,-355.689,3495.10143939,123.876,-355.653,342.023210113,0.10109162330627441,405,14193.308733701706,34.77813720703125,1936.75,0.768802163178,0.768802163178,3117.44935679,0.863761,342.019,0.7629749774932861,0.0357971,342.048,0.0,256.247676502,2.83365213847,129.703387915
0.750603337678,7.56905,1.5966222286224365,341.958090564,5,3312.99797956,0.00980052,0.902670385033,-352.963,3466.71188114,131.11,-352.894,341.928236081,0.1066884994506836,406,14228.366813659668,34.9287588596344,1937.29,0.751305944138,0.751305944138,3145.86800158,0.863815,341.923,0.7826836109161377,0.0698547,341.953,0.0,247.456752427,2.87030142882,111.218209503
0.736521329672,7.56825,1.5992693901062012,342.057963834,5,3391.57256344,0.00984521,0.870813685205,-355.652,3524.51312854,125.232,-355.611,342.025576892,0.10008120536804199,407,14263.53508734703,35.04355430603027,1935.74,0.736319528296,0.736319528296,3243.47868315,0.863726,342.02,0.7928855419158936,0.0411072,342.052,0.0,260.669648385,2.8454104008,91.3523056461
0.774793763215,7.56965,1.6073839664459229,342.216372944,5,3343.68995978,0.00999872,0.900801245059,-355.03,3419.00025609,132.938,-354.991,342.188416264,0.09871244430541992,408,14298.626686096191,34.96013331413269,1938.46,0.773628967695,0.773628967695,3274.34925301,0.864005,342.184,0.802290678024292,0.0394287,342.212,0.0,248.753398793,2.84856217002,55.3959557086
0.757843109189,7.5667,1.601355791091919,342.412553074,5,3326.11903454,0.00991663,0.911246014313,-354.242,3429.00919758,129.854,-354.198,342.379288678,0.10287880897521973,409,14332.27976512909,33.52982783317566,1932.75,0.759265445761,0.759265445761,3251.09761385,0.863679,342.373,0.7882919311523438,0.0435181,342.407,0.0,255.099617115,2.85327107922,65.2540445043
0.554281886592,7.56685,1.5440499782562256,342.387494433,5,3107.98827244,0.00957021,-0.0340176968123,-326.259,3566.31184371,119.4,-326.219,342.360914814,0.09472274780273438,410,14365.313249826431,32.91266989707947,1933.04,0.554266412221,0.554266412221,1829.02739524,0.863737,342.355,0.6941003799438477,0.0401001,342.382,0.0,264.679298146,2.75122084607,643.979753884
0.709964111858,7.56704,1.537574052810669,342.226219502,5,3351.49318252,0.00650985,0.845280255118,-355.432,3439.40844211,137.428,-355.397,342.195680975,0.08887529373168945,411,14398.342775344849,32.911338806152344,1933.41,0.710318919614,0.710318919614,3291.24644386,0.863777,342.192,0.6517534255981445,0.0342712,342.222,0.0,263.283297254,2.87001349162,49.0280420947
0.685386460377,7.56456,1.5629470348358154,342.447631779,5,3229.02619785,0.00666309,0.840924143731,-346.372,3331.43648057,131.178,-346.334,342.423456842,0.0851583480834961,412,14431.760710954666,33.29978656768799,1928.62,0.685296488674,0.685296488674,3097.18348801,0.863478,342.417,0.6885027885437012,0.0380554,342.442,0.0,249.221535301,2.87148597263,105.447981897
0.747172251145,7.56439,1.5984985828399658,342.522545181,5,3340.94465943,0.00641426,0.884116467749,-353.254,3395.21847587,132.491,-353.229,342.498872534,0.09588170051574707,413,14465.999584197998,34.098949909210205,1928.29,0.746315554715,0.746315554715,3295.77640838,0.863513,342.494,0.750699520111084,0.0256348,342.517,0.0,255.837249929,2.85507291442,37.2823844506
0.737471831847,7.55872,1.54274582862854,342.405791499,5,3421.16378457,0.00649395,0.911777151167,-355.279,3492.65882303,122.48,-355.242,342.384320132,0.08692359924316406,414,14500.244291067123,34.10896277427673,1917.38,0.736166353645,0.736166353645,3329.12518593,0.862699,342.381,0.6505570411682129,0.0362549,342.402,0.0,267.28182447,2.80249670038,55.2733005174
0.758756470302,7.55772,1.567488670349121,342.530845189,5,3445.41223033,0.0099624,0.889746457125,-355.942,3555.13565376,140.309,-355.904,342.508097904,0.09870243072509766,415,14533.35578584671,32.98136329650879,1915.48,0.75896073772,0.75896073772,3374.46498635,0.862611,342.5,0.6999478340148926,0.0373535,342.523,0.0,269.351180978,2.90845508354,76.3752072582
0.527035904241,7.55606,1.5464532375335693,343.051800168,5,3035.02508016,0.00643772,0.0321835823718,-328.417,3448.68355197,122.825,-328.378,343.020741023,0.09697198867797852,416,14566.709109306335,33.23702692985535,1912.29,0.527647474433,0.527647474433,2039.15875782,0.862428,343.017,0.6591379642486572,0.0389709,343.048,0.0,258.868222316,2.79750199678,505.849345862
0.657969995817,7.5525,1.5411181449890137,342.654139145,5,2870.69500849,0.00653239,0.845634190076,-302.731,3554.75944192,127.407,-302.698,342.6250059,0.08642387390136719,417,14599.728371143341,32.894277811050415,1905.5,0.658460771522,0.658460771522,814.160507876,0.861949,342.618,0.6403367519378662,0.0325623,342.647,0.0,255.282026518,2.81315842716,1032.90856731
0.691791960787,7.55285,1.5618705749511719,342.919406454,5,3304.05022098,0.00647688,0.830009274195,-353.961,3422.28867272,121.137,-353.93,342.887417768,0.09412121772766113,418,14633.1586728096,33.30210852622986,1906.17,0.690192449373,0.690192449373,3097.3749306,0.862049,342.882,0.6809437274932861,0.0305786,342.914,0.0,246.143990153,2.74021394706,112.078861472
0.715399414156,7.55214,1.527538537979126,342.908465828,5,3286.49394984,0.00990022,0.907606450283,-350.324,3408.56598438,119.795,-350.291,342.887296652,0.08430051803588867,419,14666.448021411896,33.16864204406738,1904.82,0.71648840205,0.71648840205,3213.56760252,0.86195,342.881,0.622647762298584,0.0322876,342.902,0.0,254.622813909,2.73215705223,67.1970244348
0.543288179673,7.554,1.5336575508117676,342.849908916,5,2886.28968241,0.00642744,0.765713430049,-337.981,3408.12111892,121.575,-337.89,342.827111003,0.08773398399353027,420,14699.301498413086,32.73637771606445,1908.37,0.54454402318,0.54454402318,1293.34200005,0.862344,342.822,0.6494905948638916,0.0910034,342.846,0.0,256.768008611,2.75455782784,801.714690486
0.544566964967,7.55529,1.5362746715545654,343.097518698,5,3216.80520227,0.00966835,0.39916546158,-341.46,3404.09474214,116.969,-341.408,343.071285766,0.0840301513671875,421,14732.194573879242,32.770917654037476,1910.82,0.54516171587,0.54516171587,2798.37289324,0.862575,343.067,0.6661856174468994,0.0514832,343.093,0.0,251.702923106,2.78489001083,222.189600881
0.660909282432,7.55357,1.541273593902588,342.87843343,5,3224.08159893,0.00663178,0.890950637087,-339.991,3357.18564613,136.229,-339.947,342.857355175,0.09017586708068848,422,14765.565118312836,33.24838447570801,1907.54,0.661867620354,0.661867620354,2946.42996275,0.862319,342.852,0.6841616630554199,0.0441895,342.874,0.0,271.043571079,2.86211944763,143.113601477
0.756129173571,7.55401,1.548659324645996,342.872959961,5,3291.96123965,0.00974342,0.754522270623,-351.764,3440.89395974,118.024,-351.728,342.842431919,0.0911109447479248,423,14799.205743551254,33.515881061553955,1908.38,0.756257679222,0.756257679222,3102.37706253,0.862396,342.837,0.6464226245880127,0.0355225,342.868,0.0,253.88156444,2.76155234759,135.207165739
0.76070629449,7.55501,1.5105462074279785,343.419968392,5,3299.11536992,0.00658208,0.862653920006,-352.322,3416.9923664,124.264,-352.283,343.386315131,0.08390569686889648,424,14832.253583908081,32.924166202545166,1910.29,0.760725892873,0.760725892873,3145.77493447,0.862582,343.383,0.6286740303039551,0.0393677,343.416,0.0,246.653279276,2.80819886929,106.833675739
0.731299713075,7.5546,1.526414394378662,343.629487277,5,3364.79813327,0.00988664,0.887160667234,-353.651,3523.63186358,129.307,-353.619,343.602683943,0.09703826904296875,425,14865.29354429245,32.915093660354614,1909.5,0.732005189607,0.732005189607,3289.58140591,0.862538,343.596,0.6558818817138672,0.0327454,343.623,0.0,253.014042112,2.82352083267,81.6683769765
0.699303056062,7.55296,1.537787914276123,343.641032225,5,3336.01207719,0.00980118,0.849633479532,-353.979,3621.45740264,127.357,-353.947,343.603922921,0.09305834770202637,426,14898.209609031677,32.79530453681946,1906.39,0.700906411128,0.700906411128,3158.21665957,0.862393,343.6,0.6885888576507568,0.0324097,343.637,0.0,266.976317399,2.78400250322,157.169808887
0.744749137726,7.55159,1.5028676986694336,343.65898371,5,3325.13293523,0.00652114,0.880716650323,-354.225,3390.25369511,135.313,-354.193,343.630847476,0.0821990966796875,427,14931.254576683044,32.92408275604248,1903.76,0.74377889907,0.74377889907,3229.72531435,0.862206,343.625,0.6252532005310059,0.0317078,343.653,0.0,245.917058344,2.85735148298,63.2903121492
0.741173517592,7.54818,1.5257391929626465,343.789714937,5,3351.28560567,0.00650047,0.900358938366,-356.004,3491.90172729,130.391,-355.977,343.759161572,0.08298087120056152,428,14964.176088571548,32.80087351799011,1897.28,0.74172930142,0.74172930142,3128.37331393,0.861817,343.754,0.6217360496520996,0.0275574,343.784,0.0,262.730103235,2.80981271571,140.035723991
0.727801449218,7.54385,1.5220534801483154,343.83212553,5,3297.19514374,0.00997811,0.846802269759,-351.45,3493.53033812,124.886,-351.423,343.799122134,0.08955025672912598,429,14997.415525436401,33.11188817024231,1889.08,0.725645910998,0.725645910998,3044.59905348,0.861215,343.796,0.6439533233642578,0.0273132,343.829,0.0,249.977220558,2.77477977449,168.934407352
0.616084397331,7.54349,1.5344288349151611,344.360240015,5,3127.48724548,0.00967608,0.819623270912,-338.859,3342.13528407,118.319,-338.803,344.328106773,0.08957171440124512,430,15030.70698928833,33.169217586517334,1888.4,0.615991974886,0.615991974886,2626.20880985,0.8612,344.323,0.6426734924316406,0.0556946,344.356,0.0,266.202498824,2.75821848174,260.330722572
0.712164445259,7.54313,1.5175321102142334,344.283841615,5,3336.1203263,0.00984273,0.813290578039,-353.715,3450.80572038,133.13,-353.686,344.254662889,0.08545398712158203,431,15063.728787183762,32.90057563781738,1887.73,0.712871519349,0.712871519349,3220.11364021,0.861149,344.248,0.6223475933074951,0.0290222,344.277,0.0,254.072163612,2.82839931933,76.962828057
0.704604640505,7.54229,1.532590389251709,343.989070059,5,3331.60338788,0.00990595,0.907036087915,-354.442,3545.19888956,136.613,-354.401,343.950922371,0.08062911033630371,432,15096.656255245209,32.806790590286255,1886.15,0.705827801976,0.705827801976,3244.58375516,0.861117,343.946,0.612952709197998,0.0407104,343.984,0.0,261.3944919,2.81967555172,109.873219718
0.761657967434,7.5434,1.494398593902588,344.264077931,5,3335.34604783,0.0096199,0.857042797959,-355.35,3498.56962349,113.927,-355.314,344.226096292,0.08360552787780762,433,15130.242715597153,33.46523928642273,1888.25,0.760130696395,0.760130696395,3092.02296875,0.861331,344.221,0.6361074447631836,0.0358582,344.26,0.0,267.543658095,2.725059081,141.176965189
0.678685154167,7.54369,1.5576300621032715,344.052065175,5,2443.25167837,0.00998679,0.446896687222,-266.41,3426.87018328,126.44,-266.344,344.013516657,0.09719157218933105,434,15163.768944501877,33.40499544143677,1888.78,0.678522730313,0.678522730313,184.049755211,0.861413,344.01,0.6928997039794922,0.065979,344.05,0.0,231.754483737,2.79666879719,1226.79827283
0.59573108007,7.54332,1.4986727237701416,344.223259205,5,3317.92231697,0.00665054,0.673239923356,-354.368,3346.64053137,127.418,-354.338,344.187978906,0.08980083465576172,435,15196.924489974976,33.03455305099487,1888.09,0.59512158256,0.59512158256,3265.03465042,0.861346,344.183,0.6506984233856201,0.02948,344.218,0.0,256.339272115,2.78613409587,30.8702989464
0.722031620296,7.54421,1.4897706508636475,344.285082205,5,3402.85846289,0.00954154,0.877137609168,-354.804,3676.99908933,140.204,-354.766,344.249426746,0.08500480651855469,436,15230.758652925491,33.71329927444458,1889.77,0.723559257925,0.723559257925,3245.2786391,0.861537,344.245,0.6317684650421143,0.0382996,344.282,0.0,265.578333095,2.87889238187,159.169291165
0.750086489156,7.54105,1.5077762603759766,344.330859992,5,3402.05934688,0.00648542,0.909989156784,-355.965,3538.32310103,127.417,-355.935,344.288610543,0.09509038925170898,437,15264.383343458176,33.5070481300354,1883.8,0.751430174738,0.751430174738,3327.03821194,0.861122,344.283,0.6434557437896729,0.0296631,344.325,0.0,259.097609497,2.85353895523,78.3923672823
0.757567138936,7.54146,1.572298526763916,344.730517909,5,3398.0440921,0.00648395,0.8996486735,-355.949,3500.8909676,125.338,-355.918,344.694592091,0.09923672676086426,438,15297.667791128159,33.1642951965332,1884.58,0.757816910145,0.757816910145,3262.97427554,0.861229,344.69,0.7337131500244141,0.0311584,344.726,0.0,267.664222778,2.82286467931,78.5990236024
0.680266039881,7.53652,1.507359266281128,344.440416743,5,3231.69346843,0.00959361,0.855223251657,-345.107,3364.87605545,133.931,-345.062,344.404919115,0.08223986625671387,439,15330.983623504639,33.19371438026428,1875.3,0.680307200184,0.680307200184,3100.9498255,0.860603,344.4,0.6359333992004395,0.0449829,344.436,0.0,259.865829831,2.85501544789,101.274497512
0.733870230606,7.53651,1.5415534973144531,344.563739345,5,3338.52993622,0.00650218,0.885284010778,-354.361,3388.23487521,137.497,-354.333,344.525169252,0.08828043937683105,440,15363.895678281784,32.790879011154175,1875.28,0.734922697951,0.734922697951,3302.16118622,0.86061,344.52,0.683887243270874,0.0283203,344.56,0.0,249.616326153,2.84365281704,33.3603881442
0.738029629277,7.53522,1.5194733142852783,344.88864299,5,3318.03023903,0.00969337,0.907069919131,-352.566,3365.63075086,128.275,-352.516,344.847692741,0.081878662109375,441,15396.352140903473,32.340075969696045,1872.86,0.737861130828,0.737861130828,3256.62971285,0.860439,344.841,0.6321656703948975,0.0500488,344.883,0.0,260.628440028,2.81511981273,37.7692966293
0.7463882266,7.53544,1.5230202674865723,344.689139797,5,3335.72181556,0.00650699,0.90468697264,-354.181,3454.12767334,124.458,-354.145,344.647035206,0.08660554885864258,442,15429.028462171555,32.54918813705444,1873.26,0.745937070724,0.745937070724,3244.86596265,0.860514,344.642,0.6153573989868164,0.0362549,344.685,0.0,256.004115788,2.77373905956,76.3013835599
0.721481054347,7.53513,1.5406162738800049,345.168947602,5,3440.57105119,0.00697407,0.887555961315,-355.335,3516.86838969,120.523,-355.283,345.13352437,0.0884699821472168,443,15462.540047645569,33.39035892486572,1872.69,0.721001615989,0.721001615989,3348.85677914,0.860453,345.128,0.6529204845428467,0.0519409,345.164,0.0,267.31090267,2.76349917007,61.3214325071
0.702055917011,7.53539,1.5482795238494873,345.346711142,5,3255.9051259,0.00984231,0.859156818928,-352.327,3462.94257044,123.933,-352.287,345.30759133,0.08247065544128418,444,15495.56784749031,32.90656280517578,1873.18,0.705061718346,0.705061718346,3143.23767915,0.86053,345.305,0.6333279609680176,0.0403137,345.347,0.0,248.59658814,2.7536161565,122.729861037
0.759392453805,7.53179,1.550163745880127,345.456708637,5,3349.22437776,0.00656517,0.899950155829,-354.279,3437.74738586,127.197,-354.25,345.413084394,0.09356355667114258,445,15528.96858882904,33.26925563812256,1866.45,0.759411652732,0.759411652732,3269.47691921,0.860045,345.406,0.6523048877716064,0.0285339,345.451,0.0,247.867476389,2.80446991077,64.7431301953
0.759784454451,7.53051,1.5283904075622559,345.451789999,5,3400.1420794,0.00658576,0.897078690778,-356.178,3518.30718173,124.978,-356.131,345.407847635,0.08358526229858398,446,15561.85076212883,32.763591289520264,1864.06,0.760387811661,0.760387811661,3285.68230111,0.859928,345.403,0.6165120601654053,0.0466919,345.45,0.0,251.328228751,2.77717636458,98.1837568923
0.720284065258,7.52914,1.5267820358276367,345.879621806,5,3392.46583739,0.00976201,0.888514339494,-355.521,3553.67674271,118.856,-355.484,345.827469429,0.0839390754699707,447,15594.443756580353,32.47473073005676,1861.51,0.720662741196,0.720662741196,3234.17496389,0.859741,345.823,0.6250452995300293,0.0365906,345.877,0.0,264.078935721,2.72073504247,120.036479897
0.752458591493,7.52794,1.522350788116455,346.009173845,5,3385.89445123,0.00647401,0.899823760847,-354.471,3526.70233252,133.789,-354.439,345.964821031,0.09029889106750488,448,15626.881298303604,32.315514087677,1859.27,0.753982370809,0.753982370809,3189.3906498,0.859634,345.96,0.632150411605835,0.0320435,346.006,0.0,258.45161859,2.79055462366,118.862521608
0.745155158937,7.52536,1.5210869312286377,345.948585745,5,3297.55527688,0.0091392,0.883360550627,-353.956,3395.60914196,127.025,-353.903,345.896322688,0.0783529281616211,449,15659.464360713959,32.45901703834534,1854.49,0.746365981514,0.746365981514,3247.24068499,0.859289,345.891,0.6201777458190918,0.0526733,345.946,0.0,252.868620227,2.77022209989,53.784604015
0.779395191128,7.52422,1.5037152767181396,345.723586281,5,3403.56833738,0.00656686,0.893127257947,-356.564,3498.58204651,131.675,-356.523,345.672278045,0.08384561538696289,450,15692.084580659866,32.49975109100342,1852.37,0.78007869494,0.78007869494,3353.20532508,0.85916,345.667,0.6035449504852295,0.0413208,345.719,0.0,267.609481997,2.79359427113,52.7100565655
0.777505495465,7.52326,1.512596845626831,345.868061026,5,3293.36547168,0.00655475,0.907679771864,-353.405,3333.48245343,128.569,-353.381,345.812642459,0.08302497863769531,451,15724.54786658287,32.34210801124573,1850.58,0.779033734123,0.779033734123,3221.20020525,0.859055,345.806,0.6316220760345459,0.0239868,345.864,0.0,250.159144523,2.77493787693,38.8016042006
0.75648334898,7.51995,1.496183156967163,346.187284554,5,3412.99883716,0.00999954,0.895510731354,-357.251,3504.94298484,121.888,-357.21,346.122017228,0.0830848217010498,452,15757.033167362213,32.364315032958984,1844.48,0.757585446548,0.757585446548,3326.58919588,0.858652,346.116,0.6029496192932129,0.0409241,346.183,0.0,273.455383926,2.72148241578,66.1126391885
0.65727841797,7.5197,1.4756476879119873,346.054378732,5,3299.07455954,0.00952007,0.823854856962,-347.55,3482.75082088,133.888,-347.512,345.994889002,0.08715176582336426,453,15789.791559696198,32.641281604766846,1844.02,0.658380192524,0.658380192524,2909.1569578,0.858636,345.99,0.6302230358123779,0.0380859,346.05,0.0,267.851237921,2.75411066235,216.338523595
0.718565506723,7.5164,1.477931261062622,346.094052301,5,3358.40303801,0.00959863,0.887715508743,-355.695,3468.92112528,130.653,-355.661,346.025481191,0.08551335334777832,454,15822.392154932022,32.4657769203186,1837.95,0.718821548253,0.718821548253,3249.28901431,0.858132,346.021,0.6067550182342529,0.0345459,346.093,0.0,258.572547582,2.74203651354,73.8818674885
0.754672097625,7.51608,1.4967236518859863,346.35213546,5,3307.00312874,0.00944712,0.849156410024,-354.717,3413.90433404,111.252,-354.675,346.279372453,0.09195494651794434,455,15855.352448940277,32.84111142158508,1837.35,0.754567652103,0.754567652103,3146.01048943,0.858189,346.276,0.6541938781738281,0.0417175,346.352,0.0,254.820115619,2.64237431586,92.3724893058
0.74047598026,7.51481,1.4948890209197998,346.242003936,5,3400.28238695,0.00666113,0.863888029219,-356.191,3533.97832781,131.972,-356.161,346.167521392,0.08435463905334473,456,15888.1897585392,32.72319674491882,1835.02,0.740184722286,0.740184722286,3306.56369697,0.858062,346.161,0.6285245418548584,0.0299377,346.236,0.0,266.309307588,2.77188737761,74.2732224356
0.751382193786,7.51489,1.5312533378601074,346.449510126,5,3393.25606779,0.00987208,0.913296702356,-355.083,3491.88200512,131.215,-355.043,346.369697444,0.08794474601745605,457,15920.957743644714,32.634652614593506,1835.16,0.750505188483,0.750505188483,3256.00446744,0.858115,346.365,0.6545209884643555,0.0398865,346.446,0.0,257.608098739,2.75839130062,80.6566846281
0.769606486241,7.51537,1.5285277366638184,346.824015674,5,3370.39062472,0.00665037,0.883908601718,-354.854,3717.83136649,120.07,-354.817,346.752381448,0.0911872386932373,458,15954.028923749924,32.95550584793091,1836.04,0.769435503742,0.769435503742,3165.94790662,0.858225,346.749,0.6490693092346191,0.0371094,346.822,0.0,250.04850455,2.69804336466,201.992687485
0.7622155112,7.51454,1.5232853889465332,346.605884213,5,3237.27033507,0.00649443,0.813291959701,-351.798,3416.11715369,140.189,-351.756,346.516098064,0.09061288833618164,459,15986.806168079376,32.661773443222046,1834.52,0.760432877842,0.760432877842,3039.10870094,0.858144,346.512,0.637143611907959,0.0418091,346.603,0.0,264.354477562,2.79945596415,125.964478535
0.748167660703,7.51319,1.521770715713501,346.099533396,5,3392.85267875,0.00649551,0.859910163258,-355.451,3638.71154107,133.073,-355.421,346.012633938,0.08783268928527832,460,16019.580523490906,32.65383005142212,1832.04,0.747662275513,0.747662275513,3190.69689883,0.858059,346.008,0.6289129257202148,0.0303345,346.094,0.0,257.038451229,2.74835749112,145.154332056
0.760280329177,7.51172,1.5112247467041016,346.124550449,5,3299.22224012,0.00992429,0.895931551499,-354.321,3441.7244059,130.756,-354.285,346.037264701,0.08239269256591797,461,16052.468153238297,32.76748204231262,1829.37,0.760477189632,0.760477189632,3213.45419734,0.857948,346.032,0.6254687309265137,0.0358276,346.121,0.0,252.860049303,2.72798454657,81.2343863801
0.764505117555,7.50611,1.5106151103973389,345.900468625,5,3433.98900606,0.00657974,0.874982544313,-355.471,3519.50297009,131.431,-355.445,345.823110955,0.08418035507202148,462,16085.119477033615,32.53363609313965,1819.12,0.764551634098,0.764551634098,3261.69534377,0.857257,345.819,0.6197237968444824,0.026886,345.897,0.0,263.841728243,2.762660668,88.9611169452
0.751425227302,7.50597,1.5037026405334473,346.230623965,5,3270.65231579,0.00955454,0.819554763753,-351.214,3482.19575501,124.878,-351.17,346.147301801,0.08541417121887207,463,16118.259598016739,33.02089309692383,1818.88,0.751599769129,0.751599769129,3045.26453403,0.85727,346.142,0.6214828491210938,0.0436401,346.227,0.0,253.469212686,2.72364532174,181.003923127
0.761606313396,7.50604,1.532383918762207,346.078460151,5,3349.07479748,0.00650118,0.865412577345,-354.45,3432.5270896,129.101,-354.424,345.993838053,0.09226655960083008,464,16151.016772508621,32.639405250549316,1818.99,0.762025248265,0.762025248265,3278.44531897,0.857391,345.989,0.636899471282959,0.0259094,346.075,0.0,267.174489676,2.7257430593,55.890251395
0.623259698002,7.50496,1.5017552375793457,346.074392327,5,3314.91461734,0.00646776,0.83029507503,-348.778,3569.27215555,131.041,-348.75,345.992264574,0.0871739387512207,465,16184.292695522308,33.15750575065613,1817.04,0.6238823371,0.6238823371,2992.58372586,0.85734,345.988,0.616304874420166,0.0281372,346.071,0.0,267.181584838,2.73482490506,191.869423997
0.767440088857,7.50733,1.533743143081665,346.013880699,5,3396.32939046,0.00647493,0.880979648995,-355.719,3456.83112019,135.757,-355.688,345.918169352,0.09010004997253418,466,16217.244676351547,32.83275771141052,1821.34,0.767424269712,0.767424269712,3335.02714869,0.857744,345.913,0.6613771915435791,0.031311,346.011,0.0,257.870475812,2.75413669744,41.9773720541
0.72704514439,7.50739,1.545215129852295,345.838633988,5,3392.1822881,0.00653766,0.904834488017,-354.257,3527.26884808,130.926,-354.229,345.745334185,0.09074568748474121,467,16250.486411809921,33.116907358169556,1821.45,0.72705447198,0.72705447198,3225.59458518,0.857797,345.739,0.6414599418640137,0.028656,345.833,0.0,262.738192475,2.74339471835,99.9003029344
0.738242049019,7.5072,1.5191266536712646,346.250006826,5,3362.6774705,0.00964526,0.873590964063,-354.513,3470.35901834,133.815,-354.477,346.153849926,0.09074831008911133,468,16283.258978366852,32.65113162994385,1821.11,0.738202565311,0.738202565311,3212.77859247,0.857832,346.148,0.6358563899993896,0.035553,346.246,0.0,255.406691342,2.7723024229,85.2220599377
0.70890066807,7.50404,1.5064737796783447,346.396250319,5,3391.36521872,0.0064603,0.860357883618,-355.135,3534.19994203,124.83,-355.108,346.312108153,0.08879208564758301,469,16316.737037658691,33.351606369018555,1815.35,0.707226512395,0.707226512395,3318.65485098,0.857407,346.308,0.6188030242919922,0.0277405,346.393,0.0,256.521434785,2.70464257808,79.0232930662
0.718706915317,7.50461,1.53745436668396,346.38244292,5,3338.53761668,0.00984898,0.869685749881,-353.398,3402.24947869,128.136,-353.377,346.291797126,0.10239744186401367,470,16350.131090402603,33.280742168426514,1816.39,0.719225022398,0.719225022398,3249.26966218,0.857511,346.288,0.6605706214904785,0.0202942,346.38,0.0,255.228736391,2.7019782421,49.5787756925
0.761203361289,7.50506,1.54288649559021,346.299109937,5,3390.70776068,0.00973113,0.887165917542,-354.367,3494.66955158,141.661,-354.313,346.204314836,0.08868789672851562,471,16383.368416786194,33.11137843132019,1817.22,0.760265253878,0.760265253878,3254.69304542,0.857567,346.198,0.6498124599456787,0.0530396,346.294,0.0,263.554778595,2.7943474584,85.2535309981
0.76450223216,7.50408,1.5457425117492676,346.428025647,5,3346.05790436,0.00651228,0.846286451676,-352.909,3443.48386176,133.411,-352.88,346.341704368,0.09273815155029297,472,16416.52282142639,33.03767013549805,1815.44,0.764115717558,0.764115717558,3213.31360863,0.857475,346.339,0.6706342697143555,0.0284119,346.426,0.0,258.068977588,2.74180847166,75.9599201922
0.7019440357,7.50471,1.5461397171020508,346.566260788,5,3248.14053327,0.00958931,0.879399386028,-350.342,3412.02771207,125.611,-350.298,346.469436897,0.08811688423156738,473,16450.457181215286,33.817846059799194,1816.58,0.702369681868,0.702369681868,3110.39714601,0.857678,346.463,0.6382777690887451,0.0432739,346.561,0.0,242.423052729,2.6970496482,106.540092748
0.718642040175,7.50443,1.53890061378479,346.867469927,5,3341.79294964,0.00978866,0.85020271488,-353.05,3418.35801684,123.683,-353.013,346.776737779,0.09344291687011719,474,16484.671322345734,34.090731620788574,1816.07,0.718769908305,0.718769908305,3241.55638319,0.857755,346.772,0.6617333889007568,0.0376587,346.864,0.0,260.482738967,2.70675450908,70.3412125625
0.744532268351,7.50102,1.5510578155517578,347.052568621,5,3411.74156258,0.00677047,0.894947729694,-355.62,3482.69658586,129.406,-355.592,346.954466875,0.09911584854125977,475,16518.38613510132,33.59134650230408,1809.88,0.74547182049,0.74547182049,3341.37249335,0.85726,346.948,0.6895639896392822,0.0277405,347.047,0.0,268.543652632,2.6840573835,47.4540889964
0.733336531949,7.50077,1.5126636028289795,347.038804789,5,3383.75550862,0.00956296,0.908120486297,-355.039,3507.76471701,124.402,-355.003,346.934565361,0.09091687202453613,476,16551.579774856567,33.07296419143677,1809.43,0.734007947579,0.734007947579,3298.12038787,0.857304,346.931,0.6140439510345459,0.0366211,347.037,0.0,267.390273485,2.68569242452,77.0298040806
0.719960009011,7.4968,1.5416016578674316,347.216521722,5,3361.83130115,0.00644645,0.881845572074,-353.772,3506.34962671,118.073,-353.746,347.119608674,0.09940600395202637,477,16584.893763542175,33.19149446487427,1802.26,0.721242043153,0.721242043153,3240.59535337,0.856817,347.116,0.6675870418548584,0.0259399,347.214,0.0,251.182241348,2.65417913511,91.6963534886
0.756574058396,7.49649,1.5319786071777344,347.32060577,5,3361.90714022,0.00994918,0.895677490418,-353.364,3477.61595352,120.702,-353.335,347.219216456,0.09515094757080078,478,16617.943776607513,32.92232084274292,1801.7,0.756251086414,0.756251086414,3269.50156511,0.856769,347.215,0.6557836532592773,0.0291748,347.318,0.0,266.287892013,2.65029985237,76.1552187665
0.76117998204,7.49274,1.5122754573822021,347.466953417,5,3386.39775586,0.00942335,0.908590170666,-355.179,3423.98817882,124.369,-355.137,347.376113965,0.08682584762573242,479,16651.013786792755,32.94393825531006,1794.97,0.761569882784,0.761569882784,3337.99826919,0.856293,347.37,0.6384057998657227,0.0424194,347.462,0.0,269.260209942,2.68131049352,32.8207074864
0.751710950478,7.49086,1.5191457271575928,347.486411965,5,3367.81864836,0.00683065,0.868071486234,-354.49,3537.69233124,137.425,-354.456,347.390890661,0.09026861190795898,480,16684.32799053192,33.196834325790405,1791.59,0.751465133434,0.751465133434,3226.7614365,0.856055,347.386,0.6184070110321045,0.0342102,347.483,0.0,268.085692186,2.74122551016,118.47604564
0.757122924371,7.49002,1.5466532707214355,347.550173211,5,3439.09255936,0.00645601,0.891043874543,-356.449,3526.09044184,121.441,-356.422,347.464135716,0.0919497013092041,481,16717.684306383133,33.236000061035156,1790.08,0.757835201288,0.757835201288,3371.15421222,0.855963,347.46,0.6576473712921143,0.0265503,347.547,0.0,261.489330137,2.661614497,50.1656123449
0.745451165833,7.48753,1.5278618335723877,347.81861155,5,3464.72653909,0.00987695,0.894016625331,-356.66,3527.40139705,115.965,-356.622,347.705042968,0.08719444274902344,482,16750.737359046936,32.933382749557495,1785.63,0.74548639206,0.74548639206,3390.7164166,0.855721,347.701,0.627417802810669,0.0379944,347.815,0.0,270.634060913,2.61807965894,49.45778201
0.758393834256,7.48852,1.4975597858428955,348.17259114,5,3408.54342476,0.00991173,0.89261072081,-354.559,3483.34498903,134.378,-354.533,348.065779671,0.0804903507232666,483,16783.582701206207,32.722089529037476,1787.41,0.759119790733,0.759119790733,3301.14760742,0.855904,348.061,0.6271438598632812,0.0256653,348.169,0.0,268.281856968,2.72713662576,60.1728786891
0.751157730778,7.4851,1.523160696029663,348.514104839,5,3337.10867094,0.00958334,0.905857530614,-352.161,3433.80638993,124.938,-352.126,348.419776006,0.08190107345581055,484,16816.606946468353,32.90098571777344,1781.3,0.750914316876,0.750914316876,3197.13537318,0.855532,348.415,0.6349978446960449,0.0350037,348.51,0.0,255.189036479,2.69855824845,83.5290826836
0.728459963732,7.48187,1.520620346069336,348.754857799,5,3357.00903935,0.00659551,0.892301546609,-354.513,3515.35400544,133.425,-354.483,348.657175874,0.08657360076904297,485,16849.192953824997,32.46265625953674,1775.55,0.729200041534,0.729200041534,3172.6979635,0.855139,348.653,0.6327743530273438,0.0300293,348.751,0.0,254.036823975,2.74448688757,109.824607743
0.734034065363,7.48065,1.5268523693084717,348.68817139,5,3399.44522009,0.00995169,0.913492540681,-354.347,3535.59224556,128.254,-354.313,348.582292145,0.09508562088012695,486,16882.366948604584,33.05069446563721,1773.39,0.733395875211,0.733395875211,3281.96867358,0.855047,348.576,0.6475729942321777,0.0338745,348.682,0.0,270.168599398,2.7245846886,85.0362633242
0.758189846024,7.48081,1.5482103824615479,348.647319825,5,3392.05474646,0.00975232,0.882055208695,-355.795,3486.57060874,129.201,-355.756,348.540212329,0.09060049057006836,487,16915.644365787506,33.15840196609497,1773.68,0.757996024993,0.757996024993,3260.00581423,0.855126,348.537,0.6817259788513184,0.0386353,348.647,0.0,267.206571353,2.7095264826,73.8457312732
0.72897913019,7.47906,1.532705307006836,348.662502631,5,3347.74223032,0.00933974,0.903255797555,-353.447,3464.54386253,127.735,-353.393,348.554472742,0.08667254447937012,488,16948.51849961281,32.75884389877319,1770.58,0.729525693133,0.729525693133,3285.4840603,0.854951,348.549,0.6408004760742188,0.053894,348.66,0.0,250.770291245,2.73452044688,63.3810346522
0.752237006727,7.47788,1.5094704627990723,348.732734101,5,3376.70954561,0.00649397,0.910964550768,-355.654,3453.02784181,135.34,-355.625,348.62973359,0.08440899848937988,489,16981.52272629738,32.88672208786011,1768.49,0.753486978401,0.753486978401,3288.65467171,0.854842,348.625,0.6125867366790771,0.0292053,348.728,0.0,259.534952943,2.73068351904,63.9101647957
0.57678563336,7.47799,1.5292317867279053,348.331103777,5,2843.8824186,0.00660775,0.306555253618,-311.002,3429.23834075,130.979,-310.967,348.217191453,0.09198307991027832,490,17014.461180210114,32.818119525909424,1768.69,0.576735945157,0.576735945157,1117.70068858,0.854884,348.213,0.6302721500396729,0.0343628,348.329,0.0,251.05637686,2.70777055754,867.275943969
0.564417975803,7.47613,1.5028975009918213,348.262512512,5,3319.10864945,0.0099655,0.78286928902,-346.698,3508.60421557,127.736,-346.652,348.152098791,0.08967280387878418,491,17047.405117750168,32.82518434524536,1765.4,0.565338502026,0.565338502026,3006.97231234,0.854647,348.148,0.6124956607818604,0.0459595,348.26,0.0,261.499002318,2.72881110332,167.18687485
0.749812232469,7.47224,1.5200536251068115,348.535458144,5,3395.46362719,0.00968883,0.873594076515,-354.955,3597.85004446,128.916,-354.91,348.439978505,0.08984017372131348,492,17080.241266727448,32.714569091796875,1758.55,0.74976244471,0.74976244471,3308.20975866,0.854143,348.434,0.6259360313415527,0.0445557,348.532,0.0,263.616191054,2.73935522135,109.00713183
0.616448675705,7.46995,1.5213062763214111,348.703317495,5,3186.35655188,0.00649648,0.823946661137,-342.087,3481.38443781,128.346,-342.048,348.587267934,0.09404659271240234,493,17112.933153152466,32.568472146987915,1754.51,0.616789941456,0.616789941456,2782.74835249,0.853913,348.583,0.6476850509643555,0.0392761,348.701,0.0,243.2298564,2.74578094191,242.405992409
0.742982851208,7.46837,1.5256731510162354,348.61835268,5,3372.92951801,0.00658194,0.822214151771,-351.795,3547.20394232,137.44,-351.766,348.4879936,0.08552885055541992,494,17146.14474415779,33.088377714157104,1751.75,0.74225045134,0.74225045134,3158.53386765,0.853681,348.482,0.6105101108551025,0.0284119,348.616,0.0,258.215182192,2.74857901162,130.548114623
0.73458163108,7.46298,1.5130198001861572,348.81558603,5,3496.88642619,0.0067662,0.902177669511,-357.899,3647.75461971,124.345,-357.866,348.698422471,0.08584094047546387,495,17179.37114238739,33.107630014419556,1742.33,0.735695820855,0.735695820855,3399.1640511,0.852921,348.694,0.61698317527771,0.0336914,348.814,0.0,256.890519529,2.64252769409,107.56866316
0.752864162946,7.46227,1.5400116443634033,348.705728508,5,3405.7417621,0.00930818,0.892713493559,-355.63,3471.5885822,131.929,-355.59,348.582346977,0.0918586254119873,496,17212.402431488037,32.90306234359741,1741.09,0.753010946923,0.753010946923,3195.73723503,0.852837,348.578,0.6576147079467773,0.0405579,348.704,0.0,270.033521023,2.70412216685,105.568363841
0.743817741013,7.46259,1.5058190822601318,348.747084458,5,3434.9435269,0.00962254,0.91230445576,-356.464,3488.700138,128.151,-356.428,348.618881453,0.09294247627258301,497,17245.277638673782,32.75573396682739,1741.65,0.743243482839,0.743243482839,3335.05975123,0.852984,348.614,0.6365838050842285,0.0359802,348.744,0.0,260.2065759,2.68918791058,59.6489740939
0.765263044682,7.4617,1.4975521564483643,348.379832894,5,3417.23817349,0.00956258,0.876448580829,-354.991,3501.17172179,143.341,-354.957,348.245746513,0.08797836303710938,498,17278.13235092163,32.73322916030884,1740.11,0.766240835041,0.766240835041,3291.61085339,0.852903,348.242,0.6252858638763428,0.0339355,348.378,0.0,263.40157669,2.76057606918,71.8280725124
0.738605585745,7.4588,1.5078911781311035,348.247602564,5,3334.83484949,0.00651213,0.834010295739,-353.21,3585.87433006,129.903,-353.177,348.118808162,0.09356808662414551,499,17311.538924455643,33.2864830493927,1735.06,0.740318258162,0.740318258162,3178.03908355,0.852516,348.114,0.6427876949310303,0.0321045,348.245,0.0,257.377827115,2.67212564514,149.424511857
0.745689910306,7.45603,1.4836628437042236,348.361065518,5,3426.6384629,0.00892412,0.907942371244,-356.857,3489.27248798,130.196,-356.8,348.223104572,0.07970428466796875,500,17344.412286043167,32.753647565841675,1730.27,0.745713621284,0.745713621284,3402.85976868,0.852182,348.219,0.6037189960479736,0.0567627,348.358,0.0,273.702741988,2.69928789796,33.3381401499
0.742162959736,7.45675,1.5257654190063477,348.754609614,5,3345.15938157,0.0068608,0.851386749135,-354.13,3512.26764601,139.668,-354.098,348.619882978,0.08626174926757812,501,17377.70160126686,33.173184871673584,1731.5,0.741819510487,0.741819510487,3137.37872998,0.852301,348.616,0.6614968776702881,0.0327148,348.754,0.0,267.132181347,2.74821680688,122.324875408
0.736152095411,7.45564,1.5004675388336182,348.615983274,5,3355.82234679,0.0099247,0.900260396808,-352.709,3473.89096379,135.405,-352.679,348.491476173,0.09432315826416016,502,17410.93857526779,33.115482330322266,1729.59,0.735716209899,0.735716209899,3259.98353138,0.852162,348.485,0.6546576023101807,0.0296326,348.611,0.0,259.682178185,2.71710175689,79.9064414378
0.742892817732,7.45564,1.49947190284729,348.618258527,5,3367.94338441,0.00687183,0.921265782575,-354.624,3485.58366757,130.151,-354.588,348.484407466,0.08463382720947266,503,17444.58456468582,33.52984642982483,1729.59,0.74320366545,0.74320366545,3288.00437792,0.852256,348.481,0.6312944889068604,0.0358887,348.619,0.0,264.088885906,2.67829293392,70.0589894938
0.77977838516,7.45449,1.5320212841033936,348.566018827,5,3425.29222816,0.00986587,0.882969746023,-355.491,3486.47937854,140.601,-355.452,348.425674363,0.08330750465393066,504,17478.08369088173,33.37540817260742,1727.61,0.779958408058,0.779958408058,3335.10009336,0.852172,348.423,0.6581802368164062,0.0386353,348.566,0.0,271.74849621,2.73566786831,49.739389828
0.733136887788,7.45258,1.5197436809539795,348.415907431,5,3372.38669578,0.00976753,0.861727235263,-352.037,3606.87851824,136.762,-351.998,348.264803833,0.08966708183288574,505,17511.88973426819,33.68835234642029,1724.31,0.731874405477,0.731874405477,3240.36092223,0.851943,348.26,0.6771538257598877,0.0386658,348.413,0.0,258.540603185,2.71097383712,125.805481425
0.743932308475,7.4518,1.5374956130981445,348.247216043,5,3425.98467429,0.0099975,0.893421069097,-354.262,3584.84075925,134.295,-354.231,348.0988654,0.09029054641723633,506,17545.500816106796,33.48082685470581,1722.96,0.744575716978,0.744575716978,3339.10266347,0.851864,348.095,0.7106232643127441,0.0306396,348.245,0.0,252.93112449,2.67382389645,89.6395908131
0.742850974573,7.45133,1.5253674983978271,348.257422541,5,3399.42154861,0.00976629,0.882593293629,-354.549,3525.36574533,132.524,-354.521,348.112766118,0.09137868881225586,507,17578.852394342422,33.21677255630493,1722.15,0.743075043859,0.743075043859,3286.49932267,0.852062,348.109,0.6961627006530762,0.028717,348.257,0.0,265.212653593,2.67097297657,88.5178138911
0.757728198873,7.44734,1.4982163906097412,348.722183148,5,3380.1396974,0.00641341,0.87885856422,-353.385,3495.31337312,119.846,-353.354,348.601988319,0.08508706092834473,508,17612.02831363678,33.054253578186035,1715.3,0.757705033009,0.757705033009,3260.24832676,0.851482,348.598,0.625849723815918,0.0314636,348.722,0.0,264.567032894,2.56571905087,78.2882208374
0.78001913361,7.44743,1.5178790092468262,348.645820586,5,3316.58417997,0.00678015,0.857857704005,-353.372,3363.91277863,132.697,-353.345,348.528430016,0.09142732620239258,509,17644.951048612595,32.80455422401428,1715.45,0.780483236419,0.780483236419,3209.12284133,0.851583,348.524,0.6587543487548828,0.0275879,348.643,0.0,254.29394725,2.67167353686,55.6456971077
0.753285753889,7.44705,1.4937520027160645,348.473067873,5,3326.70436005,0.00984472,0.884568795674,-352.39,3557.06242809,147.871,-352.356,348.335173071,0.0868685245513916,510,17678.000655174255,32.93195986747742,1714.79,0.752691585762,0.752691585762,3187.25729099,0.851603,348.33,0.6377103328704834,0.0338745,348.471,0.0,255.89764875,2.74715888985,128.695180523
0.737683081121,7.44757,1.546492576599121,348.160409754,5,3376.41677248,0.00642826,0.895476111682,-352.887,3510.9234714,147.124,-352.862,348.020690151,0.09026050567626953,511,17710.976995944977,32.86126780509949,1715.69,0.737418385782,0.737418385782,3239.13553103,0.851739,348.017,0.6982581615447998,0.025177,348.159,0.0,252.251083277,2.73563792753,105.105503856
0.613073747506,7.44676,1.512207269668579,348.182500018,5,3237.70929585,0.00650541,0.838828159106,-341.971,3398.68376364,128.603,-341.932,348.058047282,0.08374595642089844,512,17743.59416604042,32.493311643600464,1714.3,0.611739107435,0.611739107435,2850.79736265,0.851626,348.055,0.6257648468017578,0.0382385,348.185,0.0,259.56360213,2.64477402599,196.918585272
0.72825925286,7.4464,1.5382537841796875,348.26233066,5,3402.85392108,0.00968659,0.878421367504,-353.535,3549.37958553,127.979,-353.482,348.135188208,0.08684563636779785,513,17776.36630153656,32.65126872062683,1713.67,0.728298382005,0.728298382005,3331.99433251,0.85161,348.13,0.6507220268249512,0.0527649,348.259,0.0,259.233450005,2.67243395597,78.4419904919
0.598581929966,7.44565,1.5405664443969727,348.2770823,5,2800.03530125,0.00654153,0.709011016506,-302.961,3399.95033685,124.262,-302.924,348.146607868,0.08990931510925293,514,17809.41861987114,32.93689441680908,1712.4,0.598594286458,0.598594286458,847.11973526,0.851538,348.142,0.6540400981903076,0.0370178,348.275,0.0,254.250895691,2.66352845397,978.506374639
0.68189684349,7.44507,1.5156800746917725,348.707831574,5,3428.54805675,0.00980721,0.834305005133,-354.709,3486.31533183,117.034,-354.678,348.591877164,0.08635425567626953,515,17842.254186868668,32.71298909187317,1711.41,0.681386673749,0.681386673749,3373.27739187,0.851496,348.587,0.610774040222168,0.0307922,348.705,0.0,266.116178882,2.6230357411,42.986326363
0.726787014778,7.44411,1.5424721240997314,348.937507118,5,3381.54921789,0.0065034,0.880900567421,-355.261,3545.04612181,133.431,-355.235,348.816164691,0.09146857261657715,516,17874.978422403336,32.60292100906372,1709.76,0.727769506151,0.727769506151,3250.16243588,0.851439,348.811,0.6556165218353271,0.0256958,348.935,0.0,258.959341039,2.71132317542,102.74606519
0.633564882497,7.44282,1.5335736274719238,348.860533516,5,2808.04558496,0.00989753,-0.128556439964,-298.447,3496.95218518,128.687,-298.398,348.737331218,0.09074831008911133,517,17907.874370336533,32.77385449409485,1707.57,0.633503281991,0.633503281991,333.983780873,0.85129,348.733,0.6284410953521729,0.0484619,348.859,0.0,259.608120933,2.66490255746,1238.66345559
0.679518637401,7.44395,1.5510728359222412,348.921412888,5,3462.73543996,0.00649087,0.799314639069,-356.565,3549.37434175,123.64,-356.538,348.801929128,0.0890357494354248,518,17941.260942935944,33.26091814041138,1709.5,0.679490545583,0.679490545583,3367.34461828,0.851429,348.8,0.6439557075500488,0.0267944,348.921,0.0,288.005678097,2.62621963492,67.9453345594
0.617102167032,7.44427,1.5227785110473633,349.183779192,5,3142.48359695,0.0099934,0.840444242947,-329.045,3374.65678408,116.025,-328.991,349.071169916,0.08399271965026855,519,17974.283470630646,32.90227556228638,1710.03,0.616424324644,0.616424324644,2876.21957412,0.851497,349.067,0.6135098934173584,0.053894,349.183,0.0,269.61616491,2.59284242063,208.61970299
0.742334339023,7.44146,1.5449328422546387,349.278997975,5,3423.54733646,0.00675258,0.737128688742,-354.981,3572.58989087,136.943,-354.956,349.159957786,0.08926582336425781,520,18007.655654907227,33.251078605651855,1705.24,0.742367123418,0.742367123418,3310.75875357,0.851101,349.154,0.6510558128356934,0.0257263,349.276,0.0,264.392849504,2.68450939414,87.8566765595
0.76193891685,7.44212,1.582017421722412,349.259766691,5,3386.46627226,0.00971949,0.87937711686,-355.659,3446.33024129,125.945,-355.624,349.148656528,0.09074997901916504,521,18040.80050468445,33.01802897453308,1706.36,0.761088758727,0.761088758727,3282.7919457,0.851211,349.144,0.6813809871673584,0.0348816,349.258,0.0,256.880687128,2.60996064139,66.4254321263
0.747747869343,7.44286,1.520207166671753,349.139286473,5,3374.72547955,0.0065355,0.879432443249,-355.471,3420.97033263,139.297,-355.44,349.036044908,0.08979558944702148,522,18073.636278152466,32.714486837387085,1707.62,0.74859799203,0.74859799203,3315.32414699,0.851389,349.033,0.6372542381286621,0.0308838,349.138,0.0,259.341442612,2.69424320023,39.2845154351
0.742127722078,7.44299,1.554243564605713,349.188632645,5,3466.58325858,0.0098711,0.913607437264,-356.513,3501.1923591,124.003,-356.476,349.077105812,0.09232234954833984,523,18106.73202896118,32.97074770927429,1707.84,0.742138653319,0.742138653319,3425.22587308,0.851496,349.072,0.6665031909942627,0.0371399,349.186,0.0,268.683018421,2.62031109373,27.6017375237
0.760042107303,7.44459,1.5396125316619873,349.220704191,5,3402.20649271,0.00647335,0.854545240564,-356.56,3543.30852612,129.898,-356.53,349.116432325,0.09079575538635254,524,18139.882614135742,33.028274059295654,1710.58,0.760932371926,0.760932371926,3206.09133724,0.85179,349.111,0.6385037899017334,0.0300598,349.217,0.0,272.278264713,2.64115453761,126.012303803
0.732401389701,7.4415,1.5254242420196533,349.267526996,5,3399.43054941,0.00955316,0.915801028668,-356.061,3509.63256876,139.944,-356.033,349.150666348,0.08791732788085938,525,18173.069309949875,33.06550645828247,1705.31,0.732148675288,0.732148675288,3233.46898982,0.851411,349.148,0.6425209045410156,0.0278931,349.266,0.0,257.960448966,2.66869712793,94.5852106998
0.764497306013,7.44141,1.4929473400115967,349.150098048,5,3414.81671311,0.00647446,0.886968279501,-355.675,3497.59671316,135.399,-355.643,349.030718121,0.08149576187133789,526,18205.7330391407,32.54038906097412,1705.15,0.763559190395,0.763559190395,3371.95348627,0.85145,349.023,0.6145691871643066,0.0315552,349.145,0.0,265.558522812,2.69135278071,44.7605219164
0.777536633937,7.44088,1.544111728668213,349.052122759,5,3337.71136497,0.00681282,0.853044886936,-353.944,3547.95821748,131.017,-353.902,348.945448896,0.08776330947875977,527,18238.7707259655,32.91311192512512,1704.25,0.77796184909,0.77796184909,3170.65291928,0.851401,348.942,0.6451864242553711,0.0412903,349.051,0.0,257.149304724,2.65932268567,131.105512487
0.738327764916,7.43938,1.5118954181671143,348.886021569,5,3342.24247611,0.00661305,0.866514502878,-354.321,3455.58856551,141.894,-354.289,348.765950111,0.08696436882019043,528,18271.6834089756,32.786839962005615,1701.7,0.738270729898,0.738270729898,3242.59361143,0.851221,348.762,0.6157348155975342,0.0315857,348.883,0.0,258.778683617,2.70749738295,75.699616514
0.701031321822,7.43929,1.5163543224334717,348.908156694,5,3390.29833179,0.00648568,0.886958970269,-354.359,3539.1732905,131.886,-354.326,348.799221663,0.0843057632446289,529,18304.339173078537,32.53146743774414,1701.54,0.701439746051,0.701439746051,3295.48719545,0.851295,348.792,0.6242861747741699,0.0328064,348.902,0.0,258.97277541,2.65723500856,83.5582345677
0.753148006362,7.43865,1.5127739906311035,349.052998321,5,3463.10763585,0.00674067,0.897501043487,-357.416,3564.6772233,130.46,-357.383,348.945834507,0.08523869514465332,530,18336.896119117737,32.43787217140198,1700.45,0.753757930993,0.753757930993,3296.07671067,0.851201,348.944,0.6086604595184326,0.0321655,349.051,0.0,268.414799759,2.62975226416,100.878504577
0.748721126998,7.43727,1.5178370475769043,349.121750166,5,3393.16849759,0.00651425,0.881284550636,-352.875,3476.97296295,128.513,-352.845,349.006625815,0.08751225471496582,531,18369.51126217842,32.49317455291748,1698.11,0.749476949209,0.749476949209,3313.69868617,0.851062,349.001,0.6207931041717529,0.0304565,349.116,0.0,257.812918024,2.65469506749,58.5715662736
0.75104558709,7.43764,1.5213303565979004,349.059985538,5,3276.80823637,0.0064948,0.865610603508,-352.318,3505.39196404,138.745,-352.289,348.944799139,0.07906961441040039,532,18401.923321008682,32.29352521896362,1698.73,0.750371521395,0.750371521395,3137.0377791,0.851163,348.94,0.6022846698760986,0.0289612,349.057,0.0,257.625291011,2.68295652791,147.992142724
0.732814056861,7.43484,1.5041875839233398,349.157177578,5,3390.54406892,0.00998943,0.877824496551,-355.789,3531.60292372,135.354,-355.755,349.056933164,0.08613109588623047,533,18434.985373020172,32.94620442390442,1693.99,0.732149988439,0.732149988439,3310.67442429,0.850805,349.054,0.6205708980560303,0.0342407,349.155,0.0,253.076519921,2.67973658868,78.961945283
0.745827981897,7.43254,1.5229930877685547,349.36642574,5,3386.17521926,0.00685593,0.901342418146,-353.37,3488.14013832,130.286,-353.326,349.261977374,0.08676338195800781,534,18468.26996612549,33.1611692905426,1690.1,0.745872709928,0.745872709928,3307.39355318,0.850512,349.257,0.636277437210083,0.0431519,349.364,0.0,252.429223209,2.65321628094,72.8837996548
0.560417382807,7.43334,1.5648822784423828,349.302343409,5,2977.9076553,0.00640864,0.406722316364,-311.863,3467.7743896,139.203,-311.827,349.202813332,0.0953681468963623,535,18501.93456530571,33.539448976516724,1691.45,0.560534735282,0.560534735282,1240.38972202,0.850675,349.198,0.6913745403289795,0.0368347,349.298,0.0,275.563300758,2.70200467041,869.941728711
0.666631750041,7.43109,1.5279948711395264,349.126392641,5,3411.10975386,0.00642142,0.833225779647,-354.099,3538.54898803,128.148,-354.065,349.024890661,0.0911409854888916,536,18535.002665042877,32.948187828063965,1687.64,0.666561494143,0.666561494143,3307.01028168,0.850318,349.021,0.6298644542694092,0.0344238,349.124,0.0,260.6466915,2.64080749083,85.222992273
0.759835250381,7.42914,1.520493507385254,349.612364484,5,3414.20103128,0.00662089,0.890900572181,-355.292,3462.18536825,127.77,-355.256,349.512454635,0.08549118041992188,537,18567.923997163773,32.802767753601074,1684.35,0.758398804265,0.758398804265,3376.63615477,0.850083,349.506,0.6197893619537354,0.0357056,349.607,0.0,275.324586087,2.62427842689,29.2462464406
0.733218521297,7.42593,1.5296690464019775,349.516201141,5,3339.86435607,0.00966471,0.83022819696,-354.236,3471.54389796,132.382,-354.202,349.41206134,0.08812642097473145,538,18600.59856057167,32.55486798286438,1678.97,0.733123614533,0.733123614533,3219.47304648,0.84965,349.407,0.6374638080596924,0.0344849,349.513,0.0,254.32829305,2.63861099992,84.1169641025
0.708029312616,7.42411,1.5247337818145752,349.596793753,5,3422.69549473,0.00970316,0.881583322518,-355.184,3561.70458685,131.957,-355.152,349.49680786,0.08675074577331543,539,18632.961019039154,32.23990511894226,1675.91,0.709279018379,0.709279018379,3287.41272348,0.849445,349.495,0.6204385757446289,0.0318298,349.596,0.0,267.686561982,2.65343362275,96.3744894265
0.618646935781,7.42139,1.5118937492370605,349.55337472,5,2892.45851055,0.00995173,0.268987275893,-298.809,3645.21197876,123.672,-298.765,349.454289818,0.0780792236328125,540,18665.667104959488,32.585418701171875,1671.36,0.618653369006,0.618653369006,383.186626476,0.849107,349.448,0.6051805019378662,0.0438538,349.547,0.0,260.423625862,2.61536901104,1257.08678216
0.701536287562,7.42098,1.5250160694122314,349.62089423,5,3368.12783607,0.00977216,0.814433616267,-355.243,3438.48172968,142.428,-355.209,349.518121019,0.08957839012145996,541,18698.464553833008,32.678045988082886,1670.67,0.701860190957,0.701860190957,3276.98592848,0.848993,349.514,0.6148221492767334,0.0335083,349.618,0.0,264.972218411,2.7241416082,61.3065480499
0.755203724005,7.41992,1.4967098236083984,349.415348046,5,3442.09613916,0.00650237,0.851932054729,-357.358,3593.97073017,146.938,-357.33,349.312697572,0.08562779426574707,542,18731.355067253113,32.76976013183594,1668.9,0.75628940476,0.75628940476,3164.3310935,0.848847,349.308,0.6114406585693359,0.0287476,349.412,0.0,276.620442156,2.72385837264,149.978267035
0.761950308497,7.4211,1.5080816745758057,349.455329826,5,3446.8592344,0.00649356,0.906934001102,-356.23,3541.3654975,139.077,-356.204,349.398310714,0.08450055122375488,543,18764.1311917305,32.65485143661499,1670.88,0.762916396761,0.762916396761,3311.2025957,0.849059,349.394,0.6171615123748779,0.026062,349.452,0.0,270.469823382,2.70773720124,83.2955757632
0.749320784887,7.41819,1.510589599609375,349.398467668,5,3406.72798811,0.00998359,0.880615621602,-356.224,3551.06082635,130.483,-356.193,349.345756205,0.08319258689880371,544,18796.85888695717,32.611488342285156,1666.02,0.749320844433,0.749320844433,3350.95772967,0.848693,349.341,0.6075375080108643,0.03125,349.394,0.0,253.608034722,2.64286521636,73.735915604
0.76905217505,7.41592,1.52705979347229,349.437682366,5,3321.87809258,0.00646437,0.881659242054,-354.313,3458.10079072,130.433,-354.283,349.377509459,0.0889894962310791,545,18829.79269385338,32.8110191822052,1662.24,0.768502867368,0.768502867368,3223.49232763,0.848448,349.373,0.6376128196716309,0.0296326,349.434,0.0,250.350890887,2.67995014008,84.3882621714
0.746331328658,7.4156,1.532350778579712,349.622372201,5,3410.04527101,0.00981918,0.904844491106,-356.459,3445.44935608,137.249,-356.424,349.567751484,0.09057068824768066,546,18862.48173213005,32.57182264328003,1661.7,0.746783032815,0.746783032815,3360.5078089,0.848533,349.562,0.6413021087646484,0.0351257,349.617,0.0,270.512581759,2.67544953115,33.861776966
0.748529581735,7.41581,1.5366337299346924,349.508032637,5,3373.82608153,0.00955178,0.900370059695,-355.926,3475.4395518,138.388,-355.88,349.452399814,0.0903017520904541,547,18895.19663143158,32.597331285476685,1662.05,0.748446130964,0.748446130964,3324.04624068,0.848621,349.448,0.6528682708740234,0.0454712,349.504,0.0,266.392138177,2.67963301532,53.1679905959
0.752153454118,7.41347,1.5311095714569092,349.66280472,5,3359.54900809,0.00658087,0.888293374279,-354.283,3587.19227645,123.784,-354.252,349.60173572,0.08800339698791504,548,18927.927161693573,32.60955286026001,1658.17,0.751459502838,0.751459502838,3184.30640538,0.848344,349.597,0.6203677654266357,0.0305481,349.659,0.0,260.5657855,2.62948751245,135.569066937
0.740273047134,7.4144,1.537477970123291,349.620270508,5,3388.56833819,0.00991544,0.868084976349,-354.716,3493.05159614,145.429,-354.684,349.555999983,0.08805251121520996,549,18960.65291619301,32.60884428024292,1659.71,0.739895668132,0.739895668132,3235.64700361,0.84853,349.552,0.6539170742034912,0.0326233,349.617,0.0,254.375453528,2.72765545526,91.4500144919
0.735122998197,7.41188,1.5290207862854004,349.567055805,5,3353.92582761,0.00949522,0.849769791018,-354.37,3535.47506605,145.775,-354.333,349.500644393,0.09488081932067871,550,18993.54999065399,32.7773163318634,1655.54,0.734672269635,0.734672269635,3254.87775762,0.848264,349.496,0.6294248104095459,0.0365601,349.563,0.0,261.105263188,2.74788195234,98.7525858718
0.748650501081,7.41076,1.5537879467010498,349.716728242,5,3406.38049464,0.00979618,0.911567607051,-354.757,3523.91293766,129.3,-354.729,349.65328844,0.10032010078430176,551,19026.825936079025,33.15752100944519,1653.68,0.747888459226,0.747888459226,3335.18741001,0.848097,349.649,0.670600175857544,0.0283813,349.714,0.0,270.342190272,2.63263314543,73.3640015908
0.766034057654,7.40598,1.5403554439544678,349.562501603,5,3437.70775347,0.00990148,0.873188198607,-356.248,3525.3084877,132.526,-356.216,349.49986416,0.09844231605529785,552,19059.612813949585,32.6678147315979,1645.79,0.768023881324,0.768023881324,3258.90617275,0.84746,349.494,0.6569709777832031,0.031189,349.557,0.0,268.21877359,2.68167341926,94.5309795423
0.771476387727,7.40312,1.515540361404419,349.840702932,5,3316.90164065,0.00972419,0.897593395813,-353.918,3411.92013163,131.01,-353.885,349.763968223,0.09009242057800293,553,19092.24705672264,32.516350507736206,1641.1,0.770642808167,0.770642808167,3233.07533022,0.847142,349.76,0.6134035587310791,0.0333252,349.836,0.0,268.14323346,2.6626980535,62.0621281132
0.764697454917,7.40257,1.510113000869751,350.029833266,5,3417.3380826,0.00978594,0.852555036206,-356.203,3522.59840509,117.535,-356.168,349.968151132,0.0843818187713623,554,19125.134927749634,32.76970362663269,1640.19,0.76502512973,0.76502512973,3288.44933808,0.847112,349.965,0.6357367038726807,0.0354004,350.027,0.0,257.337500086,2.58436957057,80.9275813621
0.739726996352,7.40163,1.544086217880249,350.354333386,5,3458.83665909,0.00644659,0.884096269289,-356.982,3657.55314829,128.003,-356.955,350.286348745,0.08727812767028809,555,19158.207814216614,32.94889211654663,1638.65,0.740592728013,0.740592728013,3289.7753724,0.847081,350.283,0.6485681533813477,0.0275574,350.35,0.0,268.657365131,2.612846669,120.536826863
0.541057984046,7.40049,1.547560214996338,350.167567991,5,3224.24844871,0.0064839,0.538749698744,-330.605,3549.76074422,136.934,-330.574,350.107909049,0.09240341186523438,556,19191.174953222275,32.84707260131836,1636.78,0.541353528949,0.541353528949,2172.6553132,0.847017,350.103,0.6697187423706055,0.0312195,350.164,0.0,273.627238053,2.69162973163,527.946225243
0.586901007822,7.39889,1.560927152633667,350.233464791,5,3370.08573671,0.0099015,0.823199263905,-345.183,3619.01863958,147.145,-345.122,350.174879317,0.09426760673522949,557,19224.044143676758,32.751615047454834,1634.18,0.58811519627,0.58811519627,2889.19493009,0.846793,350.168,0.6659183502197266,0.0617676,350.228,0.0,273.867515048,2.74005015791,256.641977807
0.746839875506,7.39879,1.5174825191497803,349.959006487,5,3450.53781268,0.00661792,0.846526168967,-356.092,3661.82811584,128.744,-356.053,349.891802437,0.08595824241638184,558,19257.12720990181,32.96677780151367,1634.01,0.746283049987,0.746283049987,3229.60967097,0.846812,349.889,0.6332921981811523,0.0396729,349.957,0.0,268.100485636,2.62561941231,157.134379243
0.752517237336,7.39721,1.5640571117401123,350.177620927,5,3453.83251685,0.00651676,0.899427105037,-357.17,3548.76799757,134.117,-357.144,350.107625712,0.0949857234954834,559,19290.176395893097,32.931483030319214,1631.43,0.751594248753,0.751594248753,3336.3107317,0.846656,350.102,0.6981127262115479,0.0255432,350.174,0.0,256.063540657,2.66761055334,74.9228995048
0.757705799971,7.39671,1.5419628620147705,350.346619125,5,3495.76371862,0.00974264,0.891074918482,-357.935,3546.09716703,138.024,-357.901,350.273355056,0.09101653099060059,560,19323.382161855698,33.0880024433136,1630.62,0.757820678889,0.757820678889,3401.58478778,0.846675,350.27,0.6686031818389893,0.0341492,350.344,0.0,264.485888368,2.66194009746,52.1225249248
0.739441026407,7.39463,1.562452793121338,350.437050676,5,3411.06349192,0.00988318,0.86515808146,-355.386,3589.26310516,125.046,-355.336,350.363051815,0.08846902847290039,561,19356.66135764122,33.15681552886963,1627.22,0.740353474209,0.740353474209,3190.0659247,0.846446,350.359,0.7003445625305176,0.049469,350.433,0.0,258.494880266,2.6225722636,130.323965954
0.760162700695,7.39412,1.5269086360931396,350.787632985,5,3424.80384084,0.00974998,0.910411440169,-355.281,3488.16492259,129.327,-355.249,350.699123455,0.08547735214233398,562,19389.580492258072,32.79588270187378,1626.4,0.75934021953,0.75934021953,3344.26136771,0.846427,350.693,0.6770064830780029,0.0323792,350.783,0.0,270.175835788,2.6482771751,48.7074986752
0.750784257047,7.39781,1.5029072761535645,351.040523645,5,3443.02788274,0.00988326,0.894782107423,-357.919,3574.82255116,133.851,-357.881,350.955009418,0.0817263126373291,563,19423.068482398987,33.36766266822815,1632.41,0.751409109195,0.751409109195,3309.0183093,0.847017,350.952,0.6501369476318359,0.0382996,351.038,0.0,273.223952198,2.66046739984,93.0762665375
0.752861193345,7.3966,1.4795782566070557,351.149520718,5,3412.18234182,0.00986304,0.878701340267,-355.702,3532.2094107,134.651,-355.666,351.048041503,0.09140634536743164,564,19456.833703279495,33.64224910736084,1630.43,0.752278901389,0.752278901389,3294.39856227,0.846898,351.042,0.6711492538452148,0.0359802,351.146,0.0,255.055144938,2.68072874045,81.4435956126
0.762496537407,7.39269,1.5432102680206299,351.147253526,5,3353.41088648,0.0064704,0.863408934415,-354.722,3492.0899819,128.308,-354.688,351.03885933,0.10094499588012695,565,19490.911359786987,33.95616626739502,1624.07,0.763150595992,0.763150595992,3183.53315387,0.846354,351.034,0.724285364151001,0.0332947,351.145,0.0,271.385504791,2.64599011179,105.155707187
0.732813410127,7.39145,1.5366830825805664,351.228688067,5,3394.68789296,0.00679818,0.873708128928,-356.699,3442.80186709,131.44,-356.653,351.128072823,0.0971686840057373,566,19524.217668771744,33.18435287475586,1622.06,0.732269160476,0.732269160476,3340.93180538,0.846194,351.125,0.7239043712615967,0.0464478,351.226,0.0,257.983841748,2.65203383637,36.5356410316
0.743452163938,7.3915,1.5013203620910645,351.481032108,5,3467.85334195,0.00952174,0.882714470968,-358.29,3567.30237593,131.216,-358.244,351.392259884,0.08607196807861328,567,19557.209023475647,32.880706548690796,1622.14,0.743823008826,0.743823008826,3285.30422592,0.846246,351.388,0.6993153095245361,0.0454102,351.479,0.0,269.074737904,2.63810316523,103.742588383
0.721906140079,7.389,1.507338523864746,351.683041519,5,3531.08979622,0.00968482,0.884637225567,-359.288,3724.49063198,130.549,-359.256,351.58002878,0.0921170711517334,568,19590.44670343399,33.11614680290222,1618.09,0.721286522412,0.721286522412,3443.49327449,0.845915,351.576,0.6614866256713867,0.032074,351.68,0.0,285.316275734,2.64150302453,99.24985763
0.72532879612,7.38866,1.5421702861785889,351.929983492,5,3327.45420277,0.00645633,0.829108956781,-354.665,3514.98898296,130.367,-354.634,351.837498757,0.09886813163757324,569,19623.713126420975,33.14687728881836,1617.54,0.726844998798,0.726844998798,3083.00386687,0.845912,351.834,0.6789450645446777,0.0317078,351.928,0.0,251.076570217,2.62965692288,151.032544181
0.733296693937,7.38879,1.5434138774871826,352.068230596,5,3385.29180861,0.00644278,0.897129379743,-357.486,3464.26960648,129.843,-357.454,351.962223812,0.09834790229797363,570,19656.78663086891,32.955434799194336,1617.74,0.734799179521,0.734799179521,3243.3723777,0.845952,351.956,0.6677579879760742,0.0314636,352.064,0.0,269.558151926,2.64529709197,76.1947096258
0.750818695941,7.38699,1.5074594020843506,352.403503929,5,3433.90666111,0.00948003,0.877832277959,-358.378,3594.28558649,132.336,-358.339,352.302555896,0.09468674659729004,571,19689.707127809525,32.80110430717468,1614.84,0.752664556159,0.752664556159,3248.81913146,0.845704,352.3,0.6286273002624512,0.0389404,352.402,0.0,264.387839017,2.64754130397,119.176676944
0.757391043552,7.38421,1.526899814605713,352.369484952,5,3386.79721243,0.00654617,0.855943716801,-355.943,3521.39642426,135.539,-355.911,352.258650233,0.09277749061584473,572,19722.898879289627,33.07115077972412,1610.36,0.757131886807,0.757131886807,3153.580073,0.845354,352.254,0.6352722644805908,0.0322266,352.367,0.0,272.4872053,2.6683226262,127.541366985
0.722316695795,7.38282,1.5893564224243164,352.795238154,5,3410.34319928,0.00659494,0.899402435721,-355.928,3514.44355479,130.548,-355.892,352.689297479,0.10704350471496582,573,19756.50585794449,33.48090219497681,1608.13,0.723906167346,0.723906167346,3312.62970566,0.845187,352.684,0.7308871746063232,0.0359802,352.792,0.0,270.932660821,2.63877642891,72.2606572134
0.718683775013,7.38253,1.5364482402801514,353.1185748,5,3387.7431736,0.00647165,0.847244667845,-358.315,3504.66493379,132.187,-358.285,353.01219045,0.09469246864318848,574,19789.268846035004,32.641518354415894,1607.65,0.720434638867,0.720434638867,3160.70415339,0.845212,353.009,0.6393003463745117,0.0293274,353.116,0.0,253.678804878,2.63156469102,127.720625183
0.744690243053,7.38102,1.5221519470214844,353.130684965,5,3360.37541673,0.00984668,0.876462880972,-356.652,3516.33588814,132.012,-356.622,353.022243878,0.09297490119934082,575,19822.358664035797,32.96408176422119,1605.22,0.744525239308,0.744525239308,3137.69451248,0.845017,353.017,0.6150426864624023,0.0300903,353.126,0.0,253.942012147,2.64989485676,128.133807636
0.754527084454,7.37886,1.5503878593444824,353.012713292,5,3445.77551352,0.00651517,0.901645327409,-359.394,3577.47311086,137.182,-359.355,352.906247353,0.10386896133422852,576,19855.22079706192,32.743162393569946,1601.76,0.754096020461,0.754096020461,3381.2735683,0.844761,352.902,0.7134912014007568,0.0384827,353.01,0.0,267.286903619,2.67061880571,69.0023575978
0.741072565847,7.37862,1.5444755554199219,352.900997232,5,3476.54085829,0.00968654,0.890135145714,-360.331,3599.48786456,133.488,-360.297,352.800287236,0.086456298828125,577,19887.812007904053,32.47277069091797,1601.38,0.74173960404,0.74173960404,3304.54713376,0.844729,352.797,0.6515686511993408,0.0340271,352.899,0.0,256.696429715,2.6634611735,104.847481368
0.722406012026,7.37597,1.5111064910888672,352.797278389,5,3396.67567021,0.00999317,0.915242107809,-358.401,3479.67510678,134.056,-358.372,352.70276317,0.07850837707519531,578,19920.53066277504,32.6004056930542,1597.14,0.722611646293,0.722611646293,3290.90054141,0.844442,352.698,0.6301064491271973,0.028717,352.793,0.0,254.39683642,2.63173659158,72.6911638396
0.755841651205,7.37598,1.5033581256866455,352.830956198,5,3552.46403208,0.00982232,0.890510085341,-361.588,3671.49391505,123.912,-361.554,352.729028553,0.08798956871032715,579,19953.15967607498,32.50290822982788,1597.16,0.756677770332,0.756677770332,3482.33929487,0.844486,352.725,0.6314997673034668,0.0346985,352.828,0.0,274.247089846,2.55518600201,74.4079547494
0.772733308387,7.37415,1.5212008953094482,352.977502662,5,3399.04380964,0.00991146,0.891144077283,-358.112,3575.00143881,126.533,-358.067,352.88332776,0.09532403945922852,580,19986.066511392593,32.651036500930786,1594.23,0.772993914157,0.772993914157,3262.56468007,0.844226,352.88,0.6650166511535645,0.045166,352.975,0.0,253.089269522,2.61538758309,112.604645799
0.749614200409,7.37354,1.5114398002624512,353.210014766,5,3464.19934953,0.00648835,0.872799060765,-359.034,3605.63172028,122.866,-359.006,353.102848243,0.08406782150268555,581,20018.94005727768,32.75713515281677,1593.27,0.749366480289,0.749366480289,3356.98607659,0.844219,353.098,0.6461696624755859,0.0276794,353.207,0.0,272.603876201,2.60415474537,89.5571856403
0.759231997981,7.37161,1.513392686843872,353.369271953,5,3348.62323308,0.00986751,0.890205661182,-357.598,3415.98395747,127.92,-357.567,353.272571582,0.08684420585632324,582,20051.91072177887,32.85306715965271,1590.2,0.75951882982,0.75951882982,3241.38101557,0.844077,353.268,0.6396818161010742,0.0310669,353.366,0.0,263.149123546,2.65509031575,58.8353569306
0.753034000699,7.36877,1.5252838134765625,353.398275031,5,3437.90118526,0.00681217,0.886558294019,-359.21,3568.76625223,133.546,-359.178,353.294193705,0.08826851844787598,583,20084.69232058525,32.66538047790527,1585.69,0.753101932477,0.753101932477,3205.01998653,0.843631,353.288,0.6423256397247314,0.0315552,353.393,0.0,261.473684804,2.69333763767,127.049413026
0.75113641091,7.36786,1.4993908405303955,353.622869518,5,3455.37040801,0.0097319,0.87220426092,-359.615,3537.26894294,135.37,-359.573,353.527676873,0.08260464668273926,584,20117.31631231308,32.501914739608765,1584.24,0.750353365528,0.750353365528,3322.18892278,0.843542,353.524,0.6334521770477295,0.0417786,353.62,0.0,260.595839897,2.70303592777,78.9552141619
0.718962117355,7.36706,1.500584363937378,353.64591311,5,3436.89797095,0.00661819,0.886762848141,-358.777,3579.58353771,141.562,-358.743,353.551345046,0.09749531745910645,585,20150.177926540375,32.7349636554718,1582.97,0.721009714161,0.721009714161,3239.53699363,0.843473,353.55,0.6313421726226807,0.0343933,353.645,0.0,278.743744222,2.69725936967,127.722130075
0.766403997932,7.36691,1.4958086013793945,353.674123417,5,3448.98801457,0.00978498,0.909154021648,-357.862,3548.83404631,128.051,-357.837,353.587710004,0.08275628089904785,586,20182.93792796135,32.63905167579651,1582.74,0.767018600577,0.767018600577,3330.53594059,0.843485,353.581,0.6425478458404541,0.025116,353.669,0.0,273.014883696,2.62480233273,80.5390083988
0.74932827518,7.36419,1.4967646598815918,353.770076428,5,3374.76218831,0.00642962,0.91134853558,-358.216,3457.86170783,132.621,-358.189,353.678568333,0.08930826187133789,587,20215.825832366943,32.773332595825195,1578.44,0.748617720216,0.748617720216,3178.53579116,0.843117,353.675,0.6170101165771484,0.0266418,353.768,0.0,268.364480745,2.67608232289,101.813034171
0.736788114704,7.36493,1.4840202331542969,353.748559595,5,3394.07780126,0.00966298,0.846143659003,-357.195,3569.03552889,124.5,-357.151,353.659415946,0.09514904022216797,588,20248.48244023323,32.540751457214355,1579.6,0.739034820675,0.739034820675,3210.47090697,0.843261,353.654,0.62923264503479,0.043335,353.744,0.0,260.877875509,2.6081227976,132.086031822
0.716407090749,7.36419,1.50557279586792,353.767460502,5,3398.37251861,0.00663676,0.887444774233,-357.846,3531.91567522,117.911,-357.81,353.680513374,0.10186362266540527,589,20281.393372774124,32.793976068496704,1578.44,0.71809273812,0.71809273812,3287.04949074,0.843192,353.677,0.6681091785430908,0.0353699,353.766,0.0,266.235947648,2.57393342726,88.9792312362
0.738864729431,7.36262,1.4899981021881104,353.860475597,5,3470.01214276,0.00659767,0.911466772217,-359.721,3550.21699086,127.126,-359.683,353.767975443,0.09104704856872559,590,20314.054431200027,32.54533886909485,1575.96,0.739681975905,0.739681975905,3385.98748997,0.843043,353.764,0.6269843578338623,0.0383606,353.857,0.0,258.701206203,2.62166852441,58.5229055499
0.757130662847,7.36403,1.5000829696655273,354.002941808,5,3328.0145569,0.00988536,0.893002689353,-357.137,3414.52817855,131.407,-357.1,353.907850742,0.09587979316711426,591,20347.137239933014,32.96835231781006,1578.18,0.757008866556,0.757008866556,3195.69599739,0.843258,353.905,0.6447877883911133,0.0366516,354.002,0.0,250.71595322,2.65348102008,78.7462356529
0.743414032107,7.36464,1.5045757293701172,354.298226716,5,3324.96084462,0.00653608,0.893260213467,-354.673,3389.69641584,116.079,-354.636,354.197472934,0.09042763710021973,592,20379.9443025589,32.68626809120178,1579.15,0.744146747647,0.744146747647,3287.70021479,0.843318,354.195,0.6333284378051758,0.0366821,354.297,0.0,252.380580705,2.55253303318,34.3011348326
0.723085641166,7.36459,1.48854660987854,354.447954383,5,3378.09547002,0.00982137,0.885029308242,-357.172,3464.68369028,129.722,-357.141,354.345102313,0.09602570533752441,593,20413.03585624695,32.97697401046753,1579.06,0.720510964831,0.720510964831,3295.3583963,0.843347,354.339,0.6307070255279541,0.0314331,354.444,0.0,264.860348235,2.63590080724,61.4005888289
0.719796298468,7.36129,1.5249261856079102,354.443137274,5,3429.91486209,0.00656658,0.883902078894,-359.186,3593.9749585,127.688,-359.154,354.33769915,0.09205436706542969,594,20446.6229159832,33.46805238723755,1573.86,0.721272651211,0.721272651211,3321.11826104,0.842944,354.335,0.6675224304199219,0.0327148,354.442,0.0,273.303272931,2.63145824627,99.1755654208
0.774297483102,7.35901,1.526737928390503,354.641396626,5,3293.27839652,0.00983284,0.844015817042,-356.125,3375.7983611,127.969,-356.09,354.533364984,0.09520888328552246,595,20479.948964834213,33.200682640075684,1570.28,0.774134289964,0.774134289964,3210.87151678,0.842688,354.529,0.6754577159881592,0.034729,354.638,0.0,257.943126239,2.65965289851,59.2688702806
0.732081294798,7.35684,1.5256590843200684,354.504567433,5,3512.85622535,0.00656401,0.866689527683,-361.538,3599.92634094,142.671,-361.513,354.380106525,0.09441995620727539,596,20513.78912115097,33.72635626792908,1566.88,0.732489347129,0.732489347129,3348.72487951,0.842395,354.376,0.6527907848358154,0.0259399,354.503,0.0,271.111780382,2.73498818857,102.050992462
0.756767149792,7.35605,1.5141217708587646,354.529369929,5,3456.27760257,0.00643131,0.898905812364,-360.352,3543.30940174,132.9,-360.328,354.400686432,0.09314370155334473,597,20546.980417251587,33.07554268836975,1565.64,0.757387773673,0.757387773673,3378.26747604,0.84235,354.396,0.6597733497619629,0.0243835,354.527,0.0,276.782135087,2.63967223849,61.2819985429
0.753906459406,7.35705,1.5198943614959717,354.583732505,5,3454.72776859,0.00640928,0.867332125799,-359.534,3603.97047302,136.951,-359.507,354.452613562,0.08594679832458496,598,20580.050892591476,32.95761489868164,1567.2,0.754412439603,0.754412439603,3322.59660626,0.842597,354.449,0.6815776824951172,0.0272217,354.582,0.0,275.295276224,2.67505464888,114.9527601
0.736300868403,7.35711,1.5207014083862305,354.519738722,5,3335.72877709,0.00646878,0.899995992319,-357.626,3520.96784759,126.61,-357.595,354.377903513,0.09344744682312012,599,20613.062367916107,32.898404359817505,1567.3,0.736951534514,0.736951534514,3155.22324275,0.842731,354.373,0.6632261276245117,0.0301819,354.517,0.0,255.170666973,2.63026370764,136.335296677
0.730488787358,7.35496,1.5291485786437988,354.506114664,5,3395.30192347,0.00648471,0.909476342805,-357.903,3522.15441057,134.174,-357.871,354.344961822,0.09844779968261719,600,20646.281343460083,33.10111856460571,1563.93,0.728057345851,0.728057345851,3338.07217665,0.842509,354.342,0.6983950138092041,0.0314941,354.504,0.0,272.068556765,2.67539771176,66.5089536274
0.581534937359,7.3557,1.5528452396392822,354.232897961,5,3234.02876445,0.00973162,0.69012857086,-338.198,3485.18649582,137.811,-338.149,354.061133187,0.10250115394592285,601,20679.221076488495,32.824584007263184,1565.09,0.581085568882,0.581085568882,2451.0937829,0.842624,354.055,0.7190301418304443,0.0490417,354.228,0.0,273.774498332,2.6953484271,392.833971083
0.688182932414,7.3537,1.5000214576721191,353.921127034,5,3384.33374217,0.00651395,0.831060382986,-358.347,3410.01226927,130.71,-358.322,353.719287913,0.09451055526733398,602,20711.95499610901,32.62036895751953,1561.97,0.687960577257,0.687960577257,3364.49235278,0.842448,353.716,0.6342828273773193,0.025238,353.92,0.0,265.647609244,2.65381753398,18.4677437329
0.695233234255,7.35321,1.536308765411377,353.909337368,5,3446.50479527,0.00983977,0.920523316218,-359.525,3557.91855941,128.087,-359.494,353.706006441,0.09396934509277344,603,20745.235528707504,33.16434836387634,1561.2,0.696057058216,0.696057058216,3387.21988021,0.842405,353.703,0.6699388027191162,0.0314941,353.907,0.0,258.208833658,2.64598569876,67.3365993204
0.758783295679,7.35061,1.5439341068267822,353.924872229,5,3255.95700686,0.00992568,0.898292713823,-353.971,3373.23232724,136.262,-353.935,353.716579683,0.09967613220214844,604,20778.197991132736,32.841885805130005,1557.14,0.760130949529,0.760130949529,3000.46916792,0.842216,353.711,0.7103638648986816,0.0353394,353.919,0.0,253.737892296,2.66477339758,137.995415133
0.757318300077,7.34652,1.5182030200958252,353.39205215,5,3425.01822451,0.00646003,0.877100675941,-358.257,3519.23463589,141.083,-358.228,353.191901803,0.09027314186096191,605,20810.80199289322,32.495551109313965,1550.8,0.756650984317,0.756650984317,3340.8967942,0.841694,353.188,0.6515684127807617,0.0289917,353.388,0.0,257.259096154,2.68683133461,63.3434008545
0.721776451136,7.34655,1.5347380638122559,353.658251004,5,3503.80921694,0.00992381,0.912956341441,-360.395,3565.85242715,122.857,-360.363,353.477470101,0.08699464797973633,606,20843.556524038315,32.6393883228302,1550.83,0.72191882556,0.72191882556,3357.01187855,0.841773,353.475,0.6828742027282715,0.0317993,353.657,0.0,263.732932131,2.57304530655,77.7139936528
0.715354953891,7.34305,1.519918441772461,353.660554151,5,3385.26288379,0.00987626,0.891093403617,-357.664,3406.99802271,130.66,-357.632,353.482783133,0.0855567455291748,607,20876.152607679367,32.471697092056274,1545.42,0.715413744066,0.715413744066,3344.02657685,0.841337,353.477,0.6536309719085693,0.0324402,353.656,0.0,259.7848833,2.6197419633,21.9890759826
0.753142468251,7.33938,1.5264561176300049,353.392031155,5,3432.69251417,0.00994405,0.868771718426,-358.711,3581.06993941,140.145,-358.68,353.220850197,0.08827400207519531,608,20909.260718107224,32.980976819992065,1539.76,0.753770371531,0.753770371531,3269.46521164,0.840915,353.216,0.6652355194091797,0.0316162,353.387,0.0,250.592828738,2.67667837264,108.138881044
0.757356724059,7.33662,1.531205654144287,353.110356053,5,3437.86380356,0.00994488,0.893733916264,-358.257,3568.19034165,137.084,-358.222,352.919113264,0.08800649642944336,609,20942.093257665634,32.69756841659546,1535.52,0.757416301821,0.757416301821,3262.61174464,0.840593,352.915,0.6657545566558838,0.0353699,353.106,0.0,265.713575817,2.65575718644,107.975506336
0.761759073569,7.33603,1.554440975189209,353.254279044,5,3374.29706,0.00992461,0.884525776817,-356.351,3466.46258607,128.438,-356.31,353.072557089,0.09270143508911133,610,20975.14135980606,32.92483973503113,1534.6,0.762754044982,0.762754044982,3202.28854841,0.840597,353.068,0.6751503944396973,0.0406494,353.251,0.0,267.106202524,2.59543686765,98.0006075158
0.730898759399,7.33504,1.5325729846954346,353.293799588,5,3487.61079002,0.00961895,0.902711602213,-359.199,3655.78790461,136.736,-359.162,353.131377825,0.08576631546020508,611,21008.33264541626,33.07337713241577,1533.09,0.730537974402,0.730537974402,3352.10112363,0.840482,353.127,0.6497695446014404,0.0367737,353.29,0.0,265.10928554,2.65520645563,109.810419285
0.778932213646,7.33361,1.5773990154266357,353.321742389,5,3468.60861669,0.00992842,0.893362091748,-359.065,3575.88412276,134.439,-359.033,353.152934955,0.09621977806091309,612,21041.71269106865,33.253679037094116,1530.89,0.778891229818,0.778891229818,3361.54174317,0.840335,353.151,0.7267768383026123,0.0319214,353.321,0.0,268.169769652,2.63686553005,80.3085131725
0.756357195591,7.33413,1.5395119190216064,353.243809931,5,3366.80769646,0.0065655,0.824095650775,-356.29,3541.69688752,134.068,-356.262,353.067601943,0.09429049491882324,613,21074.76640844345,32.928494930267334,1531.7,0.755660045795,0.755660045795,3245.80646581,0.840439,353.063,0.676666259765625,0.0274353,353.24,0.0,258.77364343,2.65386556457,115.250845983
0.738796651318,7.33343,1.534217119216919,353.204348055,5,3534.31832309,0.00987701,0.886379560188,-361.165,3629.21445756,135.565,-361.139,353.01643824,0.09113311767578125,614,21108.0446665287,33.16083216667175,1530.63,0.738859518815,0.738859518815,3359.57731482,0.840374,353.012,0.6484217643737793,0.025177,353.201,0.0,269.218049107,2.67148087473,98.3450626838
0.751957082495,7.33476,1.5263099670410156,353.488383579,5,3525.13746206,0.0065496,0.894821464161,-359.864,3675.38070395,124.653,-359.835,353.301041386,0.08868718147277832,615,21140.63366627693,32.47170376777649,1532.67,0.752736349696,0.752736349696,3399.74890792,0.84063,353.298,0.6638784408569336,0.0284119,353.487,0.0,264.766059071,2.62965351651,98.1381237833
0.603060035618,7.33244,1.5463647842407227,353.193140637,5,2872.56733567,0.00641457,0.742314519321,-296.212,3591.32788033,140.359,-296.165,353.00111908,0.08551430702209473,616,21173.618972301483,32.866212368011475,1529.11,0.603120325665,0.603120325665,271.228830683,0.840345,352.997,0.6564197540283203,0.047699,353.191,0.0,260.207081333,2.66047400411,1303.03381146
0.610693901177,7.33101,1.5478956699371338,353.389770796,5,3392.96163457,0.00995519,0.783137873938,-346.14,3533.46724357,132.743,-346.094,353.217547151,0.09186053276062012,617,21206.161995887756,32.42508387565613,1526.92,0.6106521092,0.6106521092,2982.52358569,0.840146,353.214,0.6670374870300293,0.0457153,353.387,0.0,277.094621977,2.6263679812,207.227128167
0.74182819689,7.33039,1.517777442932129,353.415093137,5,3437.49453288,0.00996223,0.839509529743,-357.047,3501.91008566,136.447,-357.014,353.257924197,0.08639216423034668,618,21238.671651124954,32.385613441467285,1525.98,0.742689492494,0.742689492494,3303.28362551,0.840077,353.254,0.642385721206665,0.0330505,353.411,0.0,269.564701517,2.64735910517,76.5275758693
0.76334661617,7.32967,1.5395612716674805,353.42408397,5,3462.24026068,0.00643703,0.901181402152,-358.7,3574.61314657,127.619,-358.677,353.262232277,0.0931403636932373,619,21271.50103020668,32.703598976135254,1524.88,0.763628389621,0.763628389621,3308.78207139,0.839981,353.258,0.6694130897521973,0.0232849,353.42,0.0,268.061383349,2.62325877858,97.5853197894
0.736067292713,7.328,1.5461502075195312,353.860817142,5,3448.34886477,0.00964205,0.914124178851,-357.403,3560.1670007,128.995,-357.361,353.773360096,0.08878421783447266,620,21304.45361685753,32.827834367752075,1522.33,0.736876158701,0.736876158701,3245.90653072,0.839712,353.77,0.6843194961547852,0.0421448,353.859,0.0,264.114534483,2.6095967253,110.382172273
0.763186282668,7.32793,1.5016448497772217,353.784095303,5,3395.16914938,0.00998689,0.876713180671,-357.62,3535.17702763,141.363,-357.583,353.703500443,0.08072876930236816,621,21336.91136288643,32.3411078453064,1522.22,0.763565022815,0.763565022815,3309.89648441,0.839724,353.698,0.6276106834411621,0.0362854,353.78,0.0,265.643431766,2.67623597194,87.8420870504
0.744610209354,7.32724,1.495370626449585,354.130070752,5,3381.67565172,0.0064528,0.873740509798,-356.973,3497.16214625,119.399,-356.944,354.064553844,0.08323335647583008,622,21369.66298174858,32.633577823638916,1521.18,0.743852876878,0.743852876878,3250.67301373,0.839702,354.062,0.6272211074829102,0.0293884,354.129,0.0,260.962142468,2.54176281233,83.9141353039
0.759398455453,7.32542,1.5220026969909668,354.14707764,5,3468.23481778,0.00977221,0.895495163601,-359.14,3552.3947748,133.597,-359.11,354.077884308,0.08751773834228516,623,21402.169761180878,32.38848519325256,1518.4,0.757570683986,0.757570683986,3363.32929611,0.83948,354.075,0.6590969562530518,0.0307007,354.145,0.0,257.661735151,2.59795821113,82.9258684315
0.77186027394,7.32367,1.5384228229522705,353.972409544,5,3371.73686077,0.00986466,0.87178174962,-355.794,3428.43625327,144.455,-355.755,353.899716768,0.09037399291992188,624,21434.901663780212,32.61673545837402,1515.76,0.771857140363,0.771857140363,3287.11808288,0.839287,353.893,0.6903138160705566,0.0388489,353.966,0.0,262.530401119,2.66963136497,51.4638792706
0.759646713989,7.32333,1.5704224109649658,353.859659798,5,3357.02334857,0.00653893,0.899296893447,-356.694,3449.34086681,139.65,-356.668,353.78045106,0.0987548828125,625,21468.018857955933,32.99910926818848,1515.25,0.758472070445,0.758472070445,3257.95363433,0.8393,353.776,0.7315173149108887,0.0261841,353.857,0.0,269.171016526,2.64987029041,70.525507096
0.726572623895,7.32297,1.5145602226257324,353.789519125,5,3431.81561055,0.00987817,0.888794276779,-358.416,3498.51094184,149.758,-358.381,353.711167946,0.0858161449432373,626,21500.77917098999,32.64207625389099,1514.7,0.726382240306,0.726382240306,3338.55731905,0.839314,353.707,0.6682524681091309,0.0342407,353.786,0.0,251.465953459,2.66429226003,60.6910145869
0.727774852551,7.32141,1.544849157333374,353.520094047,5,3409.8793311,0.00986294,0.849189336167,-357.548,3544.54019577,138.41,-357.519,353.428894247,0.08658909797668457,627,21533.675976753235,32.76445198059082,1512.34,0.728642723516,0.728642723516,3287.52882887,0.839121,353.425,0.6849887371063232,0.0295715,353.518,0.0,256.507922812,2.64901345976,94.0824760971
0.710471854094,7.31876,1.5096893310546875,353.622341776,5,3369.62719828,0.00962988,0.892302081771,-355.458,3443.47166638,130.158,-355.424,353.525265956,0.09149169921875,628,21567.127224206924,33.332541704177856,1508.33,0.710523490483,0.710523490483,3255.34200161,0.838845,353.52,0.6414525508880615,0.0344238,353.619,0.0,271.925956148,2.58398277667,65.0906531209
0.714975523174,7.31618,1.527907133102417,353.882463008,5,3462.87964344,0.00986972,0.888970870695,-359.88,3507.59047811,134.436,-359.835,353.783640213,0.09124064445495605,629,21600.15800857544,32.90846824645996,1504.45,0.715377187019,0.715377187019,3351.58257603,0.838575,353.781,0.696800708770752,0.0450134,353.882,0.0,255.159330895,2.6037974125,57.2923219804
0.588430536532,7.31538,1.4860515594482422,353.755885592,5,2971.58602773,0.00988431,0.61382369777,-308.052,3537.26136954,123.089,-308.001,353.649707564,0.08787751197814941,630,21633.234003067017,32.95642590522766,1503.24,0.588544410358,0.588544410358,994.615991047,0.838504,353.646,0.6432533264160156,0.0511169,353.754,0.0,260.340651821,2.53869322904,989.526995459
0.675797474662,7.31331,1.5136327743530273,353.974194281,5,3385.84417838,0.00647665,0.843588615736,-355.664,3499.00874881,123.722,-355.633,353.870641321,0.09653115272521973,631,21666.722522497177,33.3711633682251,1500.13,0.676289412868,0.676289412868,3318.68728398,0.838238,353.865,0.6641151905059814,0.0306091,353.97,0.0,258.149319898,2.56013359853,65.5668261186
0.740598169947,7.31029,1.539128065109253,354.096654754,5,3525.28284713,0.00645078,0.896746068885,-361.003,3738.00231103,134.94,-360.978,354.010037009,0.08679890632629395,632,21699.849814414978,33.0012891292572,1495.61,0.740680674454,0.740680674454,3382.28292884,0.837869,354.007,0.6996355056762695,0.0242004,354.096,0.0,274.835392207,2.58999352456,127.846203984
0.757629553782,7.31034,1.5564234256744385,354.017317657,5,3480.23825857,0.00971146,0.890719460734,-359.595,3679.36334743,129.565,-359.563,353.926984747,0.0950009822845459,633,21733.221603393555,33.2507426738739,1495.69,0.757937972471,0.757937972471,3350.70882444,0.83798,353.922,0.7148301601409912,0.0318604,354.014,0.0,261.54612806,2.57193404943,140.431788238
0.74039552464,7.3109,1.5732789039611816,354.823741491,5,3412.80551614,0.00644746,0.886113635035,-358.274,3548.05336104,122.038,-358.243,354.747034861,0.09696769714355469,634,21766.416217327118,33.069416761398315,1496.52,0.740067716684,0.740067716684,3324.80278402,0.838048,354.744,0.7454617023468018,0.0308838,354.82,0.0,269.569908145,2.52252636684,79.6971339082
0.747917655873,7.31179,1.5391693115234375,354.895094887,5,3492.38629116,0.00986624,0.902808640873,-360.634,3673.04582572,136.751,-360.602,354.817187952,0.09567761421203613,635,21799.637622594833,33.08036756515503,1497.86,0.747297572265,0.747297572265,3386.74084399,0.838231,354.813,0.6857395172119141,0.0316162,354.892,0.0,272.178641297,2.62144393767,108.547402178
0.611330981513,7.31031,1.5780818462371826,354.99280056,5,3144.86276857,0.00641183,0.709124002896,-330.93,3470.03580063,135.361,-330.889,354.923484503,0.09872794151306152,636,21833.294111967087,33.53016924858093,1495.65,0.611657218924,0.611657218924,2267.27456221,0.83813,354.92,0.7058827877044678,0.0409546,354.992,0.0,250.508165337,2.63496972807,443.759399426
0.704697095867,7.31067,1.588303565979004,354.891546197,5,3404.92776318,0.00992529,0.861700780352,-358.586,3546.57853127,143.754,-358.554,354.829092979,0.10339760780334473,637,21867.286578178406,33.873382806777954,1496.18,0.704334290414,0.704334290414,3188.76063494,0.838211,354.825,0.7352306842803955,0.0319519,354.889,0.0,267.109012791,2.65972031734,119.400983438
0.734785721879,7.31009,1.5217304229736328,355.036627651,5,3430.02220551,0.00647496,0.897122863045,-359.555,3515.5163039,133.998,-359.527,354.978594266,0.09180855751037598,638,21900.85079741478,33.440086364746094,1495.31,0.735355798416,0.735355798416,3384.22473952,0.838215,354.974,0.645376443862915,0.0286865,355.035,0.0,259.558787169,2.60826453579,47.1526568899
0.723096543406,7.30837,1.5484089851379395,355.182930229,5,3458.78010402,0.00659197,0.905411204142,-360.154,3569.96715457,136.118,-360.122,355.121466969,0.09337925910949707,639,21933.777991771698,32.805033922195435,1492.75,0.724752839438,0.724752839438,3408.86128606,0.837997,355.119,0.6825060844421387,0.0317383,355.183,0.0,268.262058743,2.5818597338,61.4503460127
0.737529019168,7.3082,1.5558462142944336,355.07835862,5,3416.0510344,0.00647641,0.860711636016,-357.907,3613.18576287,138.072,-357.867,355.029846801,0.09499311447143555,640,21966.831662893295,32.93749499320984,1492.49,0.737617703588,0.737617703588,3350.24860511,0.83799,355.026,0.6812343597412109,0.0401917,355.075,0.0,259.983524585,2.64818990973,99.0165470383
0.747137353208,7.30798,1.5505592823028564,355.110471266,5,3439.58326686,0.00653569,0.851023334796,-358.819,3619.40648848,139.295,-358.788,355.060772027,0.08880352973937988,641,22000.04565525055,33.0963351726532,1492.16,0.747571915887,0.747571915887,3278.22713387,0.83798,355.058,0.6753294467926025,0.03125,355.109,0.0,265.251301345,2.61628770633,124.416063174
0.741135809786,7.3093,1.534374475479126,355.058382714,5,3445.57743895,0.00929679,0.897267377001,-358.87,3519.32815184,145.898,-358.841,355.008502364,0.09000682830810547,642,22032.982945919037,32.82341122627258,1494.14,0.741836553904,0.741836553904,3356.78492904,0.83821,355.003,0.6461610794067383,0.0288391,355.055,0.0,266.32831825,2.64410006994,60.3484549767
0.749262476359,7.30842,1.546330451965332,355.044690557,5,3487.07120238,0.00650246,0.873885175175,-360.743,3542.07915546,137.159,-360.714,354.992767374,0.09050798416137695,643,22066.23361515999,33.134196281433105,1492.82,0.749268970331,0.749268970331,3432.61034686,0.838115,354.988,0.6616742610931396,0.028656,355.042,0.0,247.097074702,2.63889282067,39.8088439065
0.741766006327,7.30765,1.5549061298370361,354.977294781,5,3485.55641627,0.00963815,0.874344415819,-360.194,3549.468169,144.859,-360.165,354.926579582,0.0885765552520752,644,22099.040394067764,32.68608784675598,1491.66,0.742396867516,0.742396867516,3428.43015306,0.838072,354.923,0.6755943298339844,0.0292664,354.976,0.0,256.848441154,2.65758931035,43.4406914406
0.759214434998,7.30582,1.5434725284576416,355.100591282,5,3455.91597214,0.00965096,0.880104836321,-358.565,3500.29517835,131.489,-358.528,355.045521215,0.08373236656188965,645,22132.133021116257,32.971757650375366,1488.94,0.759290404947,0.759290404947,3373.85956221,0.837844,355.04,0.6563074588775635,0.0366516,355.098,0.0,259.445201731,2.60720510175,47.2473425218
0.709592194666,7.30642,1.5321362018585205,355.309513629,5,3356.20235759,0.0064242,0.855211792181,-356.825,3712.58272122,119.437,-356.774,355.258675956,0.08345866203308105,646,22164.8659992218,32.6124792098999,1489.84,0.708228084675,0.708228084675,3186.57785456,0.837973,355.256,0.6367659568786621,0.0511475,355.308,0.0,256.203650712,2.51461513416,184.233611181
0.750701092782,7.30614,1.5382814407348633,355.494242169,5,3386.11320802,0.00641714,0.901197046431,-356.539,3433.75145362,128.469,-356.502,355.435683884,0.08928823471069336,647,22197.710203170776,32.72447228431702,1489.41,0.750893843232,0.750893843232,3305.68438332,0.837933,355.43,0.6378989219665527,0.0369568,355.49,0.0,247.950252555,2.55979295115,47.3452711832
0.73861724718,7.30554,1.546416997909546,355.203947278,5,3393.67779294,0.00646073,0.866960955421,-358.824,3460.91406163,158.004,-358.797,355.142294169,0.09575295448303223,648,22231.132828712463,33.30139422416687,1488.52,0.738944535656,0.738944535656,3341.11918659,0.837865,355.138,0.6726081371307373,0.0269165,355.202,0.0,261.952695339,2.69478398089,45.1389875693
0.700698954793,7.30552,1.5403993129730225,355.328467481,5,3545.97582335,0.00646047,0.899838864351,-362.386,3651.22452131,133.122,-362.354,355.274391633,0.08118319511413574,649,22263.79902625084,32.547765254974365,1488.49,0.700087639649,0.700087639649,3329.54537679,0.837883,355.271,0.6518211364746094,0.0326233,355.326,0.0,278.896228425,2.56494079045,117.5776813
0.545250079584,7.30469,1.5355958938598633,355.088875334,5,3129.10834668,0.00986819,0.310106986529,-333.061,3521.95470196,132.322,-333.019,355.034596489,0.08475756645202637,650,22296.5417201519,32.62205529212952,1487.26,0.545031152931,0.545031152931,2098.16283627,0.837853,355.03,0.6438539028167725,0.042572,355.086,0.0,274.631686574,2.56017300348,522.6818911
0.688474102229,7.30412,1.529829740524292,355.160380543,5,3453.53254862,0.00998476,0.839681385626,-359.887,3560.19997761,132.81,-359.857,355.111135977,0.08468317985534668,651,22329.170860290527,32.51081418991089,1486.42,0.687490328276,0.687490328276,3334.36883932,0.837692,355.107,0.6549332141876221,0.0291748,355.158,0.0,273.312188006,2.54155639483,80.7144977253
0.735292869128,7.30403,1.532259464263916,354.658189218,5,3483.29131345,0.00989682,0.913790503106,-360.755,3602.73922813,149.437,-360.718,354.611820919,0.08891510963439941,652,22362.1356613636,32.84565997123718,1486.27,0.735924794532,0.735924794532,3208.46053685,0.837773,354.608,0.6512744426727295,0.0371704,354.656,0.0,294.072258709,2.65339931363,140.813852612
0.722005412013,7.30151,1.558060646057129,354.788900284,5,3496.03073323,0.00645824,0.889729832364,-359.856,3614.77335152,139.378,-359.824,354.744084677,0.093841552734375,653,22395.36043572426,33.09992170333862,1482.53,0.722044611804,0.722044611804,3325.89804169,0.837474,354.738,0.6782240867614746,0.0319824,354.784,0.0,260.258904715,2.60977100228,109.172152248
0.760691838571,7.30096,1.5348422527313232,354.697046202,5,3522.008595,0.00992098,0.925654693163,-361.126,3648.2341903,126.051,-361.092,354.65962361,0.08974719047546387,654,22428.43553161621,32.95622110366821,1481.72,0.759231033189,0.759231033189,3384.06613627,0.837428,354.657,0.6722149848937988,0.0348206,354.696,0.0,279.022567522,2.53395815102,85.9340104379
0.751267825445,7.29894,1.5677547454833984,354.780782143,5,3512.39857306,0.00989749,0.895108607768,-359.821,3611.55571293,128.295,-359.787,354.742116739,0.0867302417755127,655,22461.65932583809,33.10788917541504,1478.74,0.750888111057,0.750888111057,3393.18072792,0.837169,354.738,0.6649994850158691,0.033783,354.778,0.0,283.276788953,2.54845455133,83.8750086968
0.746828873597,7.30096,1.5351006984710693,354.761220048,5,3411.55400119,0.0065282,0.888610212396,-357.348,3479.77518626,142.617,-357.315,354.717242374,0.08873796463012695,656,22494.95409822464,33.175272703170776,1481.72,0.746361869574,0.746361869574,3362.67478375,0.83748,354.713,0.6334636211395264,0.0325928,354.758,0.0,268.767017544,2.61626727899,38.1934756683
0.757959897349,7.30089,1.577197551727295,354.800853797,5,3578.28715673,0.00969369,0.907957018937,-361.573,3648.26238768,134.451,-361.541,354.760353078,0.09233808517456055,657,22529.000792980194,33.915688276290894,1481.62,0.758842805005,0.758842805005,3499.71663326,0.83751,354.755,0.6840798854827881,0.0328369,354.797,0.0,270.047707818,2.5584490047,48.0057651337
0.765845945989,7.30148,1.5250470638275146,354.789282956,5,3540.36869302,0.00641263,0.884908006477,-360.841,3681.34732497,132.946,-360.819,354.751586775,0.08590269088745117,658,22561.653654813766,32.53870487213135,1482.49,0.765600963096,0.765600963096,3420.86763821,0.837646,354.748,0.6294553279876709,0.0224915,354.787,0.0,273.609208928,2.56935213984,103.617995461
0.747296002113,7.29968,1.5509157180786133,354.856673605,5,3462.27354188,0.0064747,0.868215767161,-359.78,3633.38202,129.976,-359.751,354.822786823,0.0848836898803711,659,22594.392173051834,32.615564823150635,1479.82,0.747833491166,0.747833491166,3291.31822141,0.8374,354.819,0.6685216426849365,0.0293579,354.855,0.0,253.842958405,2.57452015881,122.35953804
0.582721454909,7.2998,1.5565273761749268,354.490928795,5,3097.97967914,0.00965942,0.562038438476,-327.279,3534.07321974,141.831,-327.23,354.461770835,0.08954691886901855,660,22627.281182050705,32.77028942108154,1480.01,0.583472192369,0.583472192369,2035.4687555,0.837464,354.458,0.6575407981872559,0.0496521,354.488,0.0,259.794053306,2.62455142369,542.807665111
0.673968955937,7.29964,1.5539910793304443,354.391602142,5,3430.87052651,0.00688376,0.746799807518,-357.873,3495.75297479,139.648,-357.826,354.36255645,0.09211945533752441,661,22660.261646986008,32.857935190200806,1479.76,0.675514959446,0.675514959446,3262.93392682,0.837418,354.358,0.674182653427124,0.0476379,354.389,0.0,259.192984555,2.63635786976,86.5626605459
0.742684651987,7.29823,1.5572969913482666,354.397381145,5,3495.3486613,0.00993976,0.868968048961,-360.353,3555.03525864,132.118,-360.32,354.37227605,0.08870220184326172,662,22693.235479593277,32.85151743888855,1477.68,0.742801361766,0.742801361766,3399.57149503,0.837229,354.369,0.670738935470581,0.0328369,354.396,0.0,265.570585075,2.5677227207,71.8211902073
0.749404391274,7.29543,1.5500938892364502,354.464441046,5,3374.05904669,0.00985977,0.881000410412,-356.524,3545.39564962,137.366,-356.489,354.442365481,0.09555315971374512,663,22726.642772436142,33.28169250488281,1473.54,0.749215263446,0.749215263446,3250.31469996,0.836861,354.436,0.6904041767120361,0.03479,354.46,0.0,256.849984597,2.60663432718,103.719472816
0.754776671118,7.29479,1.5752570629119873,354.495730847,5,3526.72852907,0.00984485,0.855695652826,-361.267,3698.86646652,141.871,-361.241,354.470391006,0.09440064430236816,664,22759.618419885635,32.85568690299988,1472.6,0.754587723622,0.754587723622,3297.02884451,0.836804,354.467,0.6962645053863525,0.0259094,354.495,0.0,266.866106399,2.62962920874,163.459556584
0.751192555391,7.2927,1.5410552024841309,354.446671964,5,3418.38016047,0.00655473,0.898027978839,-358.068,3525.71175176,129.693,-358.035,354.416237227,0.08819746971130371,665,22792.927426099777,33.18823981285095,1469.53,0.752052981359,0.752052981359,3302.32842599,0.836544,354.412,0.6459686756134033,0.0330505,354.444,0.0,270.09977804,2.54369947417,82.2117017862
0.743800115223,7.29161,1.5437259674072266,354.642282904,5,3513.5606199,0.00996167,0.910802688744,-361.027,3552.30901474,133.5,-360.997,354.612100244,0.08944916725158691,666,22825.509078025818,32.466716289520264,1467.94,0.743304630669,0.743304630669,3442.31071888,0.836444,354.609,0.6621496677398682,0.030304,354.641,0.0,271.361672543,2.54063711583,42.1584381672
0.758601313446,7.2916,1.5387952327728271,354.572980413,5,3466.11998469,0.00670418,0.886847673761,-359.958,3579.22318583,135.109,-359.928,354.544105938,0.08286404609680176,667,22857.561110258102,31.930818796157837,1467.92,0.758861789029,0.758861789029,3362.45702588,0.836449,354.539,0.6386053562164307,0.0299988,354.569,0.0,283.274562205,2.57648975644,85.0817422965
0.743849359954,7.29073,1.5221574306488037,354.500239286,5,3487.87582977,0.00979833,0.895321959886,-360.061,3635.16517289,136.886,-360.035,354.474789376,0.08122420310974121,668,22889.8196914196,32.143465995788574,1466.64,0.744161630388,0.744161630388,3359.9979313,0.836397,354.47,0.6244287490844727,0.0260315,354.498,0.0,274.830691032,2.59926494053,93.8928726138
0.746636162148,7.29101,1.535386323928833,354.515089191,5,3463.78853434,0.00649362,0.855684203815,-358.803,3665.33602924,132.459,-358.772,354.490690838,0.08897995948791504,669,22922.281272649765,32.34122323989868,1467.06,0.746880175218,0.746880175218,3251.94808244,0.836457,354.486,0.650188684463501,0.0309448,354.511,0.0,263.834916817,2.56740789894,138.389194752
0.772905027798,7.29008,1.5242342948913574,354.476371289,5,3463.2772036,0.00666621,0.920292607788,-359.903,3580.31176073,127.382,-359.879,354.45117441,0.08725810050964355,670,22954.570828437805,32.17137384414673,1465.69,0.771460411254,0.771460411254,3391.25713245,0.83633,354.448,0.6282172203063965,0.024231,354.474,0.0,268.56229181,2.52625289488,70.4304033997
0.761787721189,7.29026,1.5454375743865967,354.509045187,5,3456.66790286,0.00987568,0.902267830392,-358.194,3477.67062153,134.631,-358.161,354.488983981,0.08297443389892578,671,22986.81779718399,32.12127661705017,1465.95,0.763320419359,0.763320419359,3411.62269284,0.836358,354.483,0.6390151977539062,0.0334473,354.505,0.0,273.156349043,2.55877467829,24.7514598677
0.759254785071,7.29037,1.5412790775299072,354.129840649,5,3462.04463908,0.00657077,0.895711065973,-360.069,3733.98905059,143.583,-360.039,354.106724915,0.08501887321472168,672,23019.113780736923,32.173195600509644,1466.11,0.759405646541,0.759405646541,3348.18987001,0.836485,354.106,0.6378483772277832,0.0301819,354.13,0.0,265.492279354,2.61418525875,147.493602312
0.789480308835,7.28822,1.5246384143829346,354.163395906,5,3525.65771519,0.00990117,0.881472583314,-359.651,3628.2299034,127.658,-359.616,354.144415877,0.08046364784240723,673,23051.260821819305,32.029624462127686,1462.97,0.788338217096,0.788338217096,3437.88511271,0.836242,354.139,0.632465124130249,0.0348206,354.159,0.0,262.517805396,2.54456191236,60.6602077718
0.769720008847,7.28709,1.540818214416504,354.259626487,5,3455.80327205,0.00659439,0.901349880181,-358.44,3560.80471962,122.487,-358.408,354.240001951,0.08734130859375,674,23083.71634364128,32.33612012863159,1461.31,0.769908845874,0.769908845874,3384.24280193,0.836075,354.236,0.6454894542694092,0.032135,354.256,0.0,258.223797125,2.52225890152,59.0549537242
0.748358070807,7.28706,1.534778356552124,354.249939675,5,3543.54132718,0.00645303,0.886054204775,-360.968,3724.0815169,140.215,-360.94,354.233088342,0.08406400680541992,675,23115.932682037354,32.09869170188904,1461.26,0.748437087773,0.748437087773,3394.292655,0.836081,354.229,0.6264822483062744,0.0288086,354.246,0.0,266.700641633,2.57578971551,110.426042896
0.757050448962,7.28515,1.5399413108825684,354.124550275,5,3505.76722666,0.00648543,0.918043187856,-359.658,3626.86673695,130.573,-359.625,354.110236902,0.08364701271057129,676,23148.55420422554,32.50073552131653,1458.48,0.756773814262,0.756773814262,3343.43310099,0.835853,354.108,0.6390142440795898,0.0329895,354.122,0.0,275.081089395,2.51117753221,96.6172692906
0.754479070243,7.28559,1.5435082912445068,354.115802309,5,3382.47617187,0.00646441,0.895294941455,-357.447,3470.42427923,135.82,-357.42,354.102628745,0.08362507820129395,677,23181.292541503906,32.61721706390381,1459.13,0.756011505936,0.756011505936,3268.38220647,0.836014,354.097,0.6610715389251709,0.0265198,354.112,0.0,260.378137784,2.59825901343,72.3329322617
0.711842709724,7.2867,1.5387344360351562,354.048694514,5,3470.46224505,0.00993951,0.923390645519,-359.452,3552.95335174,133.115,-359.414,354.035727958,0.09101676940917969,678,23214.167179346085,32.750261068344116,1460.74,0.711850087654,0.711850087654,3404.53444041,0.836199,354.033,0.6734874248504639,0.0378418,354.046,0.0,264.532383394,2.54437344715,52.6746307441
0.747838968092,7.28619,1.5154576301574707,354.040797883,5,3469.96335507,0.00988651,0.91319469078,-358.433,3558.48385188,132.268,-358.396,354.029152152,0.0826730728149414,679,23246.537606954575,32.25204873085022,1459.99,0.749326147619,0.749326147619,3278.13461104,0.836134,354.025,0.6523771286010742,0.036438,354.038,0.0,246.304078379,2.55170359875,101.005902768
0.739260992559,7.28457,1.5201749801635742,354.176716287,5,3510.57258692,0.00998611,0.883357037546,-358.741,3609.30400022,142.848,-358.702,354.163864659,0.08666801452636719,680,23279.295647144318,32.63726830482483,1457.63,0.73951626417,0.73951626417,3398.71281535,0.836003,354.159,0.6430444717407227,0.038208,354.172,0.0,269.973047645,2.6102201593,70.486647632
0.737001684205,7.28546,1.5336565971374512,354.028320965,5,3531.29176973,0.00642008,0.923935474329,-359.857,3615.65092416,130.036,-359.832,354.015401911,0.08862805366516113,681,23312.283798456192,32.85263466835022,1458.93,0.736802808822,0.736802808822,3468.86258482,0.836083,354.011,0.6581661701202393,0.0249023,354.024,0.0,274.405853031,2.53432226528,55.3276074829
0.766405805951,7.28571,1.5396087169647217,354.054252949,5,3481.94024134,0.00646776,0.933398882343,-359.497,3550.82763805,126.901,-359.471,354.041155,0.08900308609008789,682,23345.217876911163,32.81554555892944,1459.29,0.766555798857,0.766555798857,3378.24867238,0.836176,354.038,0.6699821949005127,0.0257263,354.052,0.0,271.560420141,2.5359817466,60.8645873851
0.746207800333,7.28746,1.5420639514923096,353.953155869,5,3494.75194788,0.00899137,0.93901366097,-359.491,3573.25322886,137.959,-359.449,353.940763838,0.08681845664978027,683,23378.271986961365,32.93263101577759,1461.86,0.745929841867,0.745929841867,3426.81037713,0.836489,353.937,0.6947171688079834,0.0423889,353.95,0.0,271.047654505,2.61930125452,62.557929269
0.746167710872,7.28678,1.5380542278289795,353.978884802,5,3520.49528358,0.00659918,0.908549492005,-359.434,3678.55364015,122.701,-359.408,353.965058306,0.0854644775390625,684,23411.217220544815,32.817588567733765,1460.86,0.74685338991,0.74685338991,3389.7759897,0.836436,353.96,0.6643366813659668,0.0259094,353.974,0.0,269.569042836,2.53818815342,92.2319302804
0.7377865356,7.28597,1.598055124282837,354.10243401,5,3453.55933591,0.00990608,0.8980986974,-358.74,3553.29131237,129.951,-358.704,354.088286497,0.09655117988586426,685,23444.12554383278,32.787760972976685,1459.67,0.738032950343,0.738032950343,3362.73442789,0.836421,354.085,0.7599875926971436,0.0357361,354.1,0.0,275.868038534,2.54517162208,71.6070023279
0.689202828632,7.28709,1.5353405475616455,354.247667191,5,3525.04120318,0.00937913,0.906018953457,-359.623,3558.86700051,135.628,-359.588,354.233675949,0.08034133911132812,686,23477.031163930893,32.787421226501465,1461.32,0.689107616384,0.689107616384,3487.42722714,0.836648,354.231,0.6316065788269043,0.0348206,354.246,0.0,255.090852543,2.56033556769,26.9877510957
0.74892930259,7.28587,1.557142972946167,354.354357305,5,3484.30922534,0.00643815,0.918357814658,-357.11,3595.22681985,132.14,-357.086,354.343816369,0.08883404731750488,687,23509.86542749405,32.71189856529236,1459.54,0.747783206563,0.747783206563,3430.89574429,0.8366,354.338,0.6547250747680664,0.0246582,354.348,0.0,268.532626147,2.55489395273,59.4981330267
0.560557874102,7.28344,1.5646445751190186,354.004898087,5,3223.32424747,0.00992038,0.577745492315,-336.773,3526.52066821,149.789,-336.732,353.991823214,0.08611607551574707,688,23542.282573223114,32.29832220077515,1455.99,0.56055550416,0.56055550416,2435.85431724,0.836325,353.989,0.6512761116027832,0.0414429,354.003,0.0,271.799576492,2.65419340292,399.040508922
0.704996385067,7.28187,1.553699016571045,354.003133219,5,3519.69188419,0.00987637,0.840777961794,-358.885,3737.76025055,126.948,-358.847,353.990186358,0.0839240550994873,689,23575.069628953934,32.65548539161682,1453.7,0.705651383264,0.705651383264,3403.60270782,0.836188,353.985,0.6485326290130615,0.0384521,353.999,0.0,278.62387377,2.52712370769,119.055117926
0.753902295359,7.28055,1.5302369594573975,354.344580492,5,3426.42328241,0.00943027,0.895662427693,-357.629,3491.24074918,136.814,-357.592,354.334056161,0.08008623123168945,690,23607.356056690216,32.16395902633667,1451.78,0.754543749313,0.754543749313,3363.24265038,0.836062,354.33,0.6207630634307861,0.0371399,354.34,0.0,258.550183577,2.5863236284,43.4369907102
0.75530619018,7.27847,1.5383658409118652,354.279158384,5,3372.22532087,0.00984401,0.909706173351,-356.278,3412.76273105,135.456,-356.238,354.268301746,0.08714795112609863,691,23639.82950234413,32.35006070137024,1448.76,0.754862026348,0.754862026348,3299.66458325,0.835858,354.265,0.6243882179260254,0.0400696,354.276,0.0,263.315197218,2.58264418498,38.5356977249
0.743643558846,7.27836,1.5225694179534912,354.122730059,5,3536.94383257,0.00979098,0.90241645416,-358.818,3727.39837046,139.661,-358.778,354.113042671,0.08483314514160156,692,23672.28310227394,32.33704113960266,1448.61,0.744441300629,0.744441300629,3395.62846514,0.835879,354.108,0.6375503540039062,0.0400085,354.117,0.0,266.196061538,2.62585896036,108.559508791
0.761711014367,7.27688,1.5333738327026367,354.263033524,5,3525.43545773,0.00642823,0.880160925259,-359.973,3600.03992293,131.435,-359.943,354.25665885,0.0868990421295166,693,23704.924290895462,32.525264739990234,1446.46,0.763137229609,0.763137229609,3463.56037919,0.835677,354.255,0.6388461589813232,0.0300598,354.261,0.0,271.370853108,2.56734733073,54.7947206237
0.744216749171,7.27413,1.532834768295288,354.392383424,5,3554.74410271,0.00990581,0.902571465475,-360.5,3733.82360538,119.582,-360.458,354.38541884,0.08550691604614258,694,23737.318552970886,32.27402377128601,1442.5,0.744826130947,0.744826130947,3380.22157164,0.835327,354.383,0.6586349010467529,0.0417786,354.39,0.0,274.851096245,2.50244939828,119.970065283
0.745478275689,7.27276,1.5343959331512451,354.449733328,5,3434.52563271,0.0099923,0.886587968715,-356.966,3618.17592356,129.534,-356.933,354.441083185,0.08999800682067871,695,23770.201001167297,32.764241456985474,1440.52,0.744453288223,0.744453288223,3285.32215456,0.835145,354.437,0.6393628120422363,0.0324402,354.446,0.0,271.726440308,2.54051298362,140.855598919
0.7401883943,7.26972,1.5282642841339111,354.368235765,5,3459.32026076,0.0099638,0.885451341803,-358.313,3557.30183608,143.501,-358.278,354.358707226,0.08470535278320312,696,23803.384867429733,33.060818672180176,1436.14,0.740143184795,0.740143184795,3358.36846366,0.834783,354.355,0.6662781238555908,0.0350342,354.364,0.0,270.298540633,2.61637972322,82.0293655777
0.752919600765,7.26696,1.5451653003692627,354.29204634,5,3505.92169993,0.00650831,0.884252463049,-357.717,3665.07002496,133.07,-357.687,354.282808865,0.08834362030029297,697,23836.142869710922,32.6422016620636,1432.19,0.753348812693,0.753348812693,3314.11973835,0.834367,354.279,0.7015376091003418,0.0298767,354.289,0.0,273.608111787,2.5767331707,138.695338452
0.754742521548,7.26595,1.5530617237091064,354.500072793,5,3502.30483975,0.00654512,0.898063731314,-359.357,3573.5981,140.428,-359.327,354.490842925,0.09143829345703125,698,23868.91120481491,32.64710831642151,1430.75,0.754619603596,0.754619603596,3433.87085475,0.834282,354.487,0.6987094879150391,0.0295105,354.498,0.0,264.464403032,2.64364200254,47.0915062829
0.737931936615,7.26598,1.5898323059082031,354.443102189,5,3481.16025825,0.00979793,0.899502042848,-358.445,3713.11779527,139.088,-358.412,354.432446017,0.10138845443725586,699,23902.38246703148,33.339086294174194,1430.79,0.738741373237,0.738741373237,3277.59930131,0.834288,354.429,0.7607910633087158,0.0333252,354.44,0.0,268.006039266,2.63761256436,145.19594508
0.549509664777,7.26743,1.5968518257141113,354.397168439,5,3227.15731849,0.00647544,0.635726319173,-331.673,3552.46698074,129.878,-331.631,354.386350208,0.09651565551757812,700,23935.691593647003,33.18808078765869,1432.87,0.549447204028,0.549447204028,2169.24148155,0.834472,354.382,0.7404184341430664,0.0414429,354.394,0.0,271.186913415,2.53835912623,530.14165542
0.652700957595,7.26741,1.555922508239746,354.370596838,5,3515.32486129,0.00644509,0.820642927675,-359.749,3656.06465854,129.927,-359.719,354.35825101,0.08559441566467285,701,23968.900569200516,33.089760303497314,1432.83,0.653114493703,0.653114493703,3339.9693221,0.834497,354.353,0.640573263168335,0.0302124,354.366,0.0,263.907552522,2.59435085004,104.563400563
0.722131175568,7.26465,1.5427587032318115,354.575602333,5,3460.69412485,0.00994316,0.9111058676,-359.623,3520.03894886,140.721,-359.592,354.563097567,0.08672451972961426,702,24002.677770853043,33.654844760894775,1428.89,0.721004322771,0.721004322771,3407.24318817,0.8341,354.56,0.652101993560791,0.03125,354.572,0.0,260.665972692,2.65709134516,42.1570815641
0.742619663217,7.26082,1.554792881011963,354.563475467,5,3434.07311615,0.00643417,0.867474050903,-358.469,3543.6471355,131.725,-358.435,354.551381339,0.08977293968200684,703,24035.897926807404,33.10083556175232,1423.43,0.742931041877,0.742931041877,3346.92790407,0.833581,354.548,0.6644561290740967,0.0345459,354.561,0.0,259.138642451,2.55916026608,73.2558464317
0.734567073413,7.25924,1.5368762016296387,354.66882106,5,3444.97651455,0.00646938,0.886996850024,-358.195,3582.98316602,125.957,-358.167,354.656730696,0.09026145935058594,704,24069.591073274612,33.57425308227539,1421.17,0.734474055457,0.734474055457,3245.04646149,0.833387,354.651,0.653874397277832,0.0281982,354.663,0.0,270.364941503,2.53724446511,136.117338245
0.740811066051,7.25626,1.554875135421753,354.730598549,5,3522.04359005,0.0098631,0.89547503883,-361.138,3593.23943369,131.365,-361.109,354.717436611,0.0923614501953125,705,24103.102435827255,33.37981915473938,1416.95,0.741989004676,0.741989004676,3440.82498854,0.832982,354.714,0.6766359806060791,0.0289001,354.727,0.0,255.038243629,2.56142137357,49.823468846
0.756167870165,7.25377,1.5817346572875977,354.749524678,5,3509.9803517,0.00990796,0.908916785912,-361.044,3605.83715864,136.376,-360.998,354.734652393,0.09849405288696289,706,24136.98648905754,33.76145792007446,1413.42,0.756181949447,0.756181949447,3395.29210174,0.832673,354.732,0.7249634265899658,0.0457764,354.748,0.0,263.068614543,2.57727830735,70.9358649481
0.754276636495,7.25221,1.5601670742034912,354.80950329,5,3488.42876809,0.0065497,0.905856930554,-358.604,3525.04253644,129.551,-358.571,354.792809891,0.09181666374206543,707,24170.528074502945,33.41944885253906,1411.23,0.75497594207,0.75497594207,3447.11430069,0.832432,354.789,0.7008211612701416,0.0322571,354.806,0.0,270.136145952,2.54859342773,32.912265231
0.729259950169,7.25018,1.5436177253723145,354.946260819,5,3480.68557177,0.00655469,0.871706042274,-359.484,3668.37766132,129.163,-359.455,354.924850813,0.08992528915405273,708,24204.587368249893,33.94337058067322,1408.36,0.72911991447,0.72911991447,3310.36102902,0.832158,354.92,0.6680371761322021,0.0290833,354.943,0.0,269.048086927,2.57895717382,124.029052182
0.746491100321,7.24902,1.5380914211273193,355.047114254,5,3602.07022938,0.00983897,0.926793095198,-362.817,3684.44357375,143.125,-362.778,355.024292462,0.08666396141052246,709,24237.928329467773,33.22138071060181,1406.73,0.746734689224,0.746734689224,3443.30479502,0.832027,355.022,0.6565420627593994,0.0393982,355.045,0.0,277.219172188,2.64072942951,87.7249896033
0.757106233446,7.24685,1.584540605545044,355.042867901,5,3556.5968138,0.00994198,0.878150292316,-361.398,3756.03257872,130.057,-361.368,355.015665618,0.09711885452270508,710,24271.28802704811,33.23278212547302,1403.68,0.75748854474,0.75748854474,3427.50659371,0.831741,355.012,0.7309632301330566,0.0303955,355.04,0.0,280.8179197,2.55024917487,109.564121081
0.759549505145,7.24761,1.5669138431549072,354.793797129,5,3463.34886059,0.00989198,0.901769482253,-358.353,3584.27962808,123.612,-358.317,354.760413095,0.09539437294006348,711,24304.611277341843,33.2047176361084,1404.75,0.759580031682,0.759580031682,3417.0897629,0.831836,354.758,0.702650785446167,0.0364075,354.792,0.0,269.904788257,2.53316942915,61.5236900004
0.735563736333,7.24438,1.5976488590240479,355.086986244,5,3487.87899906,0.00642083,0.901528831131,-359.903,3600.0464509,132.249,-359.876,355.050672124,0.09743928909301758,712,24338.45527100563,33.71432709693909,1400.22,0.735488964057,0.735488964057,3414.58795703,0.83146,355.049,0.7451660633087158,0.0267944,355.087,0.0,268.672109559,2.56177620869,63.3888656208
0.744846091263,7.24416,1.5419516563415527,355.043253805,5,3435.77944091,0.00648972,0.895840276636,-357.108,3533.17734828,139.505,-357.075,354.999043258,0.09017062187194824,713,24372.08469438553,33.5094096660614,1399.91,0.745633480133,0.745633480133,3352.38091479,0.831448,354.992,0.6334106922149658,0.0334778,355.038,0.0,265.452257823,2.61896518898,68.8013109691
0.760712112469,7.24338,1.6017515659332275,355.219252013,5,3470.93307367,0.00648156,0.848147627376,-359.36,3506.03990829,137.524,-359.336,355.171051939,0.10054755210876465,714,24405.761033058167,33.55291509628296,1398.81,0.760525893076,0.760525893076,3438.50499845,0.831451,355.167,0.755511999130249,0.024292,355.216,0.0,285.074244331,2.6010397617,28.2752047238
0.743192588785,7.24249,1.5691249370574951,355.386804045,5,3462.56955369,0.00973875,0.895381074439,-359.264,3621.48530645,127.235,-359.225,355.330887091,0.09737443923950195,715,24440.160423517227,34.28127098083496,1397.57,0.744992447196,0.744992447196,3328.25531495,0.831284,355.329,0.7405366897583008,0.0395203,355.386,0.0,269.103859933,2.56724962209,110.628869948
0.752493207523,7.24342,1.7143139839172363,355.198358941,5,3442.88666385,0.00666001,0.853396989284,-358.158,3701.71514144,140.777,-358.123,355.142969533,0.10519266128540039,716,24475.29024720192,34.78970694541931,1398.87,0.75257777987,0.75257777987,3302.1904249,0.831466,355.14,0.8545913696289062,0.0351257,355.198,0.0,266.106088791,2.62067388403,143.366490194
0.702821821791,7.24291,1.591578483581543,355.65605606,5,3444.33545838,0.00957402,0.882300752073,-358.524,3663.70884907,127.67,-358.488,355.61242541,0.10398578643798828,717,24510.412276029587,34.99789118766785,1398.16,0.701409639698,0.701409639698,3301.03532288,0.831416,355.608,0.7593796253204346,0.0358582,355.654,0.0,268.300930824,2.54089551817,120.391539597
0.738467375829,7.24098,1.6378905773162842,355.628478202,5,3439.48579975,0.00996799,0.924919995306,-359.217,3513.27327992,136.365,-359.179,355.587804688,0.10569930076599121,718,24544.101415872574,33.56371450424194,1395.47,0.738294266243,0.738294266243,3389.81847728,0.831242,355.583,0.7962582111358643,0.0379028,355.626,0.0,258.009685005,2.62402413174,47.7674825305
0.756400265441,7.23822,1.5483911037445068,355.750361735,5,3457.12365566,0.00979725,0.87748696983,-358.426,3631.91830497,140.149,-358.391,355.704899946,0.09537935256958008,719,24577.901997566223,33.68103051185608,1391.61,0.755466463904,0.755466463904,3272.26452852,0.830851,355.702,0.6676692962646484,0.0349426,355.748,0.0,278.729731136,2.61073717524,128.801035786
0.757444528957,7.23727,1.5921344757080078,355.51267862,5,3515.82284367,0.00671925,0.889890558572,-360.183,3570.62223549,139.804,-360.142,355.463479706,0.09732556343078613,720,24611.794341802597,33.76734161376953,1390.3,0.758114525107,0.758114525107,3436.71226883,0.830764,355.459,0.7365508079528809,0.0402832,355.511,0.0,267.836712207,2.60845670914,61.177046226
0.724195633036,7.23696,1.587113618850708,355.419510986,5,3460.95074184,0.00652923,0.817549409315,-357.661,3613.12108251,143.849,-357.632,355.364891798,0.09946274757385254,721,24645.006636619568,33.08910417556763,1389.86,0.724859247478,0.724859247478,3239.64503385,0.83074,355.361,0.7486560344696045,0.0291443,355.417,0.0,264.718417375,2.6194002255,132.385641666
0.743114741587,7.23376,1.5458588600158691,355.327852747,5,3461.7608672,0.00995105,0.873222901574,-358.724,3604.40766156,128.726,-358.691,355.263629614,0.0872337818145752,722,24677.4127702713,32.28864026069641,1385.42,0.743227609233,0.743227609233,3383.0208001,0.83029,355.26,0.646125316619873,0.0332642,355.326,0.0,265.828643016,2.55438799619,79.6628684114
0.727287849803,7.23315,1.5266692638397217,355.421714507,5,3516.04225598,0.00668779,0.905922863665,-360.048,3635.3688669,130.834,-360.004,355.353009683,0.08905291557312012,723,24710.102940797806,32.57626414299011,1384.58,0.727901755117,0.727901755117,3319.38992409,0.830287,355.35,0.6410233974456787,0.0438232,355.42,0.0,263.945652318,2.55785829514,111.501762449
0.777983548259,7.23202,1.55043625831604,355.335914621,5,3505.21804132,0.00640692,0.896855185137,-358.685,3700.1698191,128.314,-358.662,355.258119433,0.0868372917175293,724,24743.12187409401,32.90137720108032,1383.01,0.778191153674,0.778191153674,3351.16259144,0.83017,355.254,0.6433403491973877,0.0236816,355.334,0.0,261.642435074,2.53835308897,127.035608564
0.766095078063,7.23151,1.5550730228424072,355.415906206,5,3395.76871087,0.00655018,0.85860583776,-356.247,3491.13309103,136.834,-356.216,355.328769348,0.09328866004943848,725,24776.514845848083,33.27310824394226,1382.3,0.766417657414,0.766417657414,3297.91749815,0.830121,355.325,0.6843616962432861,0.0308533,355.413,0.0,263.344262133,2.55945155848,66.4367175434
0.668118885842,7.23169,1.5470044612884521,355.262397077,5,3462.13475939,0.00987565,0.881417608034,-358.413,3638.45480425,136.236,-358.382,355.178301877,0.09114575386047363,726,24809.46191382408,32.82412910461426,1382.56,0.668357859204,0.668357859204,3222.88141136,0.83029,355.175,0.6720786094665527,0.03125,355.26,0.0,255.256425898,2.58776926392,134.079352399
0.746474803067,7.23153,1.5473151206970215,355.462632273,5,3543.07040855,0.0064681,0.884744485637,-361.029,3686.38415696,128.136,-360.999,355.373766327,0.0916895866394043,727,24842.325746536255,32.73887896537781,1382.34,0.746393950011,0.746393950011,3278.85272707,0.830336,355.37,0.6934394836425781,0.0304871,355.46,0.0,261.269695349,2.54332823573,156.095458073
0.763876773901,7.23048,1.5666728019714355,355.595965717,5,3537.83574407,0.0095399,0.913898480905,-360.73,3609.28901112,140.582,-360.7,355.503961806,0.0946054458618164,728,24875.7218875885,33.27339482307434,1380.89,0.764029064262,0.764029064262,3437.16696383,0.830205,355.5,0.674680233001709,0.0303345,355.593,0.0,271.124804748,2.65891881452,61.3075624399
0.741832139682,7.23085,1.571974754333496,355.455085087,5,3508.56028342,0.00654841,0.910561117866,-359.786,3625.02757179,149.925,-359.76,355.362249111,0.09385132789611816,729,24908.56938815117,32.72701120376587,1381.4,0.741897221436,0.741897221436,3328.24807887,0.830318,355.357,0.7037510871887207,0.0260925,355.45,0.0,277.819307207,2.68996912891,107.480459565
0.753712634895,7.22998,1.5436532497406006,355.449464257,5,3490.06608626,0.00641802,0.895276194307,-360.057,3603.98291922,131.655,-360.031,355.338122698,0.08695077896118164,730,24941.961695432663,33.26743221282959,1380.2,0.754265529465,0.754265529465,3286.21843042,0.830269,355.335,0.678142786026001,0.0255432,355.447,0.0,276.269918838,2.57932663312,113.445939531
0.738677304897,7.2304,1.541954517364502,355.720603864,5,3440.03087788,0.00976908,0.90242716416,-357.704,3721.46049755,126.279,-357.669,355.6100318,0.08667421340942383,731,24974.738406419754,32.653162240982056,1380.77,0.739508262113,0.739508262113,3223.08126099,0.830335,355.608,0.6675522327423096,0.0350647,355.719,0.0,258.558310336,2.54593705253,179.086156865
0.769227278585,7.23002,1.5407748222351074,355.65402278,5,3526.79740263,0.00655025,0.898906082702,-359.468,3604.8252403,136.307,-359.428,355.543379243,0.08831214904785156,732,25007.834309577942,32.972907066345215,1380.25,0.769462239899,0.769462239899,3470.36642467,0.830307,355.538,0.6726961135864258,0.0400391,355.648,0.0,263.624308384,2.5870685387,53.3613051253
0.743892359376,7.22902,1.5906834602355957,355.755803484,5,3488.99223054,0.00653262,0.917240158375,-359.233,3609.30619987,140.519,-359.206,355.643904985,0.09298062324523926,733,25041.002400636673,33.04551935195923,1378.87,0.74410974111,0.74410974111,3359.08909024,0.830174,355.64,0.7223057746887207,0.0270081,355.752,0.0,269.20370918,2.60541106102,94.3530950377
0.747881974007,7.22733,1.5245814323425293,355.570030821,5,3524.0003959,0.00641228,0.913550795548,-359.889,3625.42255659,134.434,-359.865,355.453279737,0.08177542686462402,734,25073.822590589523,32.701343059539795,1376.54,0.747875092864,0.747875092864,3427.61110819,0.830009,355.448,0.6462235450744629,0.0247192,355.565,0.0,262.85020066,2.58580673551,69.4662645736
0.745750780172,7.22669,1.530256748199463,355.953787424,5,3516.89491696,0.00641946,0.887873938286,-360.379,3718.09864966,140.034,-360.355,355.854681384,0.09155607223510742,735,25107.015941619873,33.070717096328735,1375.66,0.746188474442,0.746188474442,3420.66129276,0.82989,355.853,0.702568769454956,0.0241089,355.952,0.0,283.335869224,2.5845265237,107.463765655
0.732379354763,7.22364,1.5253405570983887,355.894556319,5,3395.0132363,0.00959377,0.855629638667,-356.818,3615.83113539,130.373,-356.771,355.791491099,0.09103560447692871,736,25140.195069789886,33.06124997138977,1371.47,0.733436229662,0.733436229662,3118.12475294,0.829487,355.789,0.6829261779785156,0.0471802,355.893,0.0,265.205337506,2.54215690627,171.727181594
0.752069228156,7.22402,1.5425302982330322,355.971285287,5,3531.46381076,0.00969615,0.890505596014,-360.463,3624.11144109,139.788,-360.43,355.866744224,0.09497523307800293,737,25173.52419924736,33.21387720108032,1371.99,0.7520632889,0.7520632889,3436.28170594,0.829586,355.862,0.7183678150177002,0.0339355,355.967,0.0,249.783820525,2.59738053854,71.4347437315
0.721615627985,7.22208,1.535736083984375,356.175497058,5,3492.43281753,0.00986825,0.891557888448,-359.935,3575.57410049,136.832,-359.9,356.071636371,0.08753705024719238,738,25206.42802143097,32.7900173664093,1369.34,0.721064748953,0.721064748953,3418.79977868,0.829321,356.068,0.6931242942810059,0.0351257,356.172,0.0,276.031138472,2.60074814123,49.842177581
0.756043990731,7.21934,1.5543668270111084,356.36286909,5,3437.19085947,0.00997198,0.87716308544,-358.447,3554.52821152,126.414,-358.417,356.250238371,0.09213662147521973,739,25239.383216142654,32.840327501297,1365.59,0.757632975308,0.757632975308,3338.81785108,0.828958,356.249,0.69919753074646,0.0304565,356.362,0.0,257.987697159,2.5020981396,89.4074196369
0.723963976949,7.21551,1.5565078258514404,356.974708824,5,3484.31100696,0.00642246,0.888147223715,-359.873,3647.34873331,123.462,-359.847,356.885564173,0.09287881851196289,740,25272.72075653076,33.22765302658081,1360.37,0.724744589924,0.724744589924,3334.1356063,0.828436,356.881,0.6842162609100342,0.0266418,356.97,0.0,268.169351942,2.50473908118,101.194893223
0.719269895502,7.21347,1.563627004623413,356.866723341,5,3476.9968176,0.00644659,0.922375096552,-359.603,3632.95185123,138.352,-359.573,356.768865655,0.09437227249145508,741,25305.929041862488,33.0913622379303,1357.59,0.720487409278,0.720487409278,3355.67480184,0.828283,356.765,0.6910789012908936,0.0300598,356.863,0.0,257.898959712,2.60779251784,90.5976255761
0.750831425274,7.21275,1.5514085292816162,356.812146487,5,3541.16890598,0.00951447,0.887938389431,-361.285,3633.49623957,142.568,-361.251,356.715019599,0.0928487777709961,742,25339.067753076553,33.017996311187744,1356.61,0.751729803774,0.751729803774,3425.87674315,0.828213,356.712,0.6936173439025879,0.0339355,356.809,0.0,271.785176754,2.6076297692,93.2207014251
0.727557997084,7.21291,1.529569149017334,356.988477909,5,3497.08324535,0.00673136,0.933561009451,-357.958,3552.8011324,140.789,-357.922,356.892285213,0.08458876609802246,743,25371.936022996902,32.74969720840454,1356.83,0.728300056806,0.728300056806,3446.65267904,0.828314,356.887,0.6481142044067383,0.0362549,356.983,0.0,278.644497108,2.61092329796,39.9120606722
0.728681414336,7.21227,1.5423035621643066,356.981287736,5,3554.15897719,0.00932619,0.910246524111,-361.694,3736.06157922,132.163,-361.644,356.881637519,0.0883944034576416,744,25405.245459079742,33.179789543151855,1355.97,0.729471966807,0.729471966807,3427.67317742,0.828295,356.878,0.6690084934234619,0.0504456,356.978,0.0,270.216123231,2.57312027404,108.60158927
0.778371947415,7.21175,1.5574688911437988,357.072393891,5,3547.2487191,0.00985949,0.891490483709,-361.528,3622.62478975,142.393,-361.492,356.965694356,0.09664273262023926,745,25439.28649687767,33.9198637008667,1355.26,0.77942090895,0.77942090895,3484.99559843,0.828244,356.962,0.706409215927124,0.0362244,357.069,0.0,268.377251622,2.62249440432,52.103923596
0.74800570111,7.21057,1.5862455368041992,356.948530602,5,3559.60024468,0.00968469,0.872577203722,-360.194,3777.43083425,153.437,-360.157,356.834847368,0.09285497665405273,746,25473.21802830696,33.809016704559326,1353.67,0.747854471135,0.747854471135,3328.80371491,0.828096,356.831,0.7295489311218262,0.0367432,356.944,0.0,274.193517251,2.67701175633,152.328438639
0.751049514664,7.20754,1.568502426147461,356.904449525,5,3544.49913723,0.006537,0.882846639652,-360.181,3703.28242596,135.881,-360.151,356.787690624,0.0883023738861084,747,25506.86256122589,33.52078557014465,1349.57,0.752000052408,0.752000052408,3477.87011794,0.827749,356.785,0.700756311416626,0.0301819,356.902,0.0,272.1346218,2.56698395907,82.4406373141
0.761262080982,7.20738,1.5708551406860352,357.023153162,5,3512.39552701,0.00641043,0.886790387319,-359.727,3726.91276973,129.247,-359.701,356.900925846,0.09707856178283691,748,25540.208360910416,33.22595405578613,1349.35,0.762614358092,0.762614358092,3316.64174944,0.82772,356.899,0.7229294776916504,0.0257568,357.022,0.0,271.006725985,2.51367439622,140.300896295
0.741435279865,7.20769,1.5259828567504883,357.159704769,5,3527.13251935,0.006431,0.910640693523,-359.595,3576.14897031,131.103,-359.559,357.040413665,0.08074641227722168,749,25572.828075170517,32.502742528915405,1349.77,0.742108506758,0.742108506758,3432.79336682,0.827773,357.033,0.6422200202941895,0.0366821,357.152,0.0,267.219226375,2.5633257695,49.7670932452
0.751310725567,7.20751,1.5428321361541748,357.117220286,5,3485.61668881,0.00643349,0.87996720739,-360.655,3610.61944204,136.184,-360.63,356.997838519,0.08573246002197266,750,25605.725025892258,32.77898120880127,1349.53,0.751584120031,0.751584120031,3347.88647684,0.827757,356.993,0.645658016204834,0.0249329,357.112,0.0,266.286031351,2.57999840392,94.0871067563
0.70897972721,7.20494,1.5476579666137695,357.269671638,5,3553.90397539,0.00990389,0.903430566913,-361.079,3770.77390642,134.815,-361.051,357.161610538,0.09160637855529785,751,25639.038771390915,33.192625522613525,1346.06,0.709787257695,0.709787257695,3262.90131774,0.827419,357.159,0.6660597324371338,0.0284424,357.267,0.0,274.771527908,2.55860571161,173.399164772
0.759380288181,7.20464,1.5570781230926514,357.441609016,5,3558.06499073,0.00977043,0.883965127715,-362.548,3722.94851333,138.365,-362.514,357.331306862,0.0924074649810791,752,25672.0718896389,32.90950036048889,1345.66,0.76013073944,0.76013073944,3283.87420162,0.827383,357.327,0.6903557777404785,0.0334778,357.438,0.0,288.574646901,2.57555833885,155.102398084
0.741459887736,7.20641,1.520125150680542,357.561171106,5,3509.23757359,0.00656392,0.884306815776,-361.13,3652.27807663,128.36,-361.099,357.452643309,0.08140158653259277,753,25704.63434457779,32.44661903381348,1348.05,0.741361884965,0.741361884965,3352.67034898,0.827568,357.449,0.6324467658996582,0.0310669,357.558,0.0,260.03198312,2.55319226243,98.983001436
0.722366847851,7.2067,1.5604441165924072,357.705238454,5,3474.04974541,0.0064416,0.930060080287,-360.901,3615.76142525,141.757,-360.875,357.591922193,0.09087181091308594,754,25737.72906422615,32.970170974731445,1348.44,0.722544380217,0.722544380217,3304.44801846,0.827654,357.589,0.6739113330841064,0.0264893,357.703,0.0,272.029992974,2.6098361512,100.531829612
0.741085745094,7.20405,1.5499255657196045,357.840933068,5,3499.76483414,0.00990006,0.926369618919,-360.516,3559.49295047,129.09,-360.48,357.734185972,0.09156513214111328,755,25770.85534143448,33.00110936164856,1344.86,0.740929843574,0.740929843574,3413.48836384,0.827323,357.73,0.6887178421020508,0.035675,357.837,0.0,263.977561101,2.5459579748,52.4966811039
0.744381119183,7.2027,1.5420396327972412,358.089876576,5,3467.26758149,0.00642269,0.899053324298,-360.494,3584.59273574,145.151,-360.468,357.994950072,0.09161376953125,756,25804.174010515213,33.199241161346436,1343.05,0.74453925945,0.74453925945,3359.94985924,0.827228,357.991,0.6899912357330322,0.0261841,358.087,0.0,259.784657292,2.6282770895,79.1193146281
0.735698148435,7.20233,1.5103487968444824,357.928782466,5,3460.00585365,0.00677747,0.896946119648,-359.767,3553.23114249,135.82,-359.731,357.83041054,0.08876204490661621,757,25837.012907266617,32.717729806900024,1342.56,0.735085102178,0.735085102178,3339.41528586,0.827183,357.827,0.6431229114532471,0.0361938,357.925,0.0,261.082404631,2.56673337167,70.5388563706
0.743249860598,7.20266,1.4978456497192383,358.037976804,5,3489.56297525,0.00980364,0.90978116509,-358.527,3654.20924961,131.735,-358.496,357.947579537,0.08065104484558105,758,25869.814311504364,32.68850636482239,1342.99,0.743624809378,0.743624809378,3268.48503064,0.82727,357.945,0.6286942958831787,0.0313416,358.035,0.0,267.046547494,2.53117472641,129.646219199
0.731501225317,7.19982,1.5168802738189697,358.200099605,5,3445.87003456,0.00642139,0.918235004944,-359.351,3593.65031154,129.604,-359.317,358.116219254,0.0880575180053711,759,25902.87293457985,32.937227725982666,1339.19,0.732926882887,0.732926882887,3326.88434562,0.826854,358.112,0.6657540798187256,0.0340576,358.196,0.0,257.960239285,2.52743852019,86.5847239793
0.726726583855,7.19801,1.5316729545593262,358.304023496,5,3382.35074618,0.00994331,0.897618544252,-358.45,3553.97794807,134.709,-358.417,358.224105736,0.09774398803710938,760,25935.643070697784,32.647958278656006,1336.76,0.727137033172,0.727137033172,3151.23496416,0.826669,358.22,0.6880340576171875,0.0323181,358.3,0.0,267.178693979,2.55601996682,135.216330557
0.591862378731,7.1954,1.5405423641204834,358.176867566,5,2853.34024649,0.00640282,0.8336751151,-299.449,3549.50439779,138.9,-299.411,358.085202272,0.09224319458007812,761,25968.50839662552,32.747928857803345,1333.28,0.591552323784,0.591552323784,514.912589078,0.82638,358.081,0.6886110305786133,0.0378113,358.173,0.0,256.511060899,2.58913170226,1171.16015423
0.678278943474,7.19351,1.5234410762786865,358.512507694,5,3527.81959153,0.00645865,0.822746440739,-362.86,3590.9916921,123.889,-362.833,358.432133524,0.09110689163208008,762,26001.411925792694,32.783329248428345,1330.77,0.676999887587,0.676999887587,3479.87369508,0.826116,358.428,0.6836116313934326,0.0276489,358.508,0.0,280.079816372,2.52228497732,50.519557166
0.734365256061,7.19035,1.5408375263214111,358.509349008,5,3529.4376916,0.00971588,0.888291874644,-362.01,3700.62904587,127.982,-361.976,358.419734355,0.08671450614929199,763,26034.372337818146,32.84550404548645,1326.57,0.735834023273,0.735834023273,3367.48023152,0.825704,358.417,0.6773724555969238,0.0338135,358.506,0.0,269.148287995,2.55637818505,124.467962796
0.742604358549,7.1879,1.5516366958618164,358.798141547,5,3451.78799942,0.00661243,0.90604073433,-360.359,3601.99329535,123.314,-360.323,358.712187477,0.08807492256164551,764,26067.59321331978,33.095674991607666,1323.33,0.742807779967,0.742807779967,3340.86688672,0.825339,358.707,0.6908116340637207,0.0352478,358.793,0.0,261.597021132,2.51753758089,85.4879516708
0.718659273591,7.1876,1.550252914428711,359.144670525,5,3465.16335125,0.0064849,0.903719038419,-362.531,3525.2267473,122.493,-362.499,359.058634889,0.09231400489807129,765,26100.942536830902,33.229016065597534,1322.92,0.71851808939,0.71851808939,3408.08539691,0.825357,359.057,0.6896610260009766,0.0322571,359.143,0.0,274.414370135,2.49968439225,50.4258495718
0.708776673232,7.1848,1.5454432964324951,359.201820224,5,3506.77376747,0.0065328,0.876101235103,-360.979,3616.16126046,138.431,-360.942,359.117945617,0.08957457542419434,766,26134.24626469612,33.18210792541504,1319.22,0.709709389161,0.709709389161,3379.6781856,0.824987,359.114,0.6659061908721924,0.0375671,359.198,0.0,263.252360741,2.56195789165,78.9184732577
0.741998107076,7.18343,1.5493006706237793,359.234570313,5,3471.91500091,0.0099683,0.877558142654,-361.802,3515.16551541,127.278,-361.769,359.150744147,0.08794689178466797,767,26166.892577171326,32.526443004608154,1317.41,0.741304697093,0.741304697093,3409.00573434,0.824811,359.147,0.6501142978668213,0.0327148,359.231,0.0,272.378575999,2.50681392999,37.0119855528
0.723807932563,7.18176,1.5384376049041748,359.224221797,5,3479.28456501,0.00997097,0.895733582653,-362.01,3558.07220676,141.184,-361.971,359.142574787,0.08450722694396973,768,26199.373773097992,32.36478590965271,1315.22,0.724893653409,0.724893653409,3406.23829951,0.824666,359.142,0.6328341960906982,0.0390015,359.224,0.0,272.278355191,2.58912142462,48.2355537963
0.768234143165,7.179,1.5363168716430664,359.178125246,5,3456.47421858,0.00994783,0.873489894636,-357.663,3532.29219758,136.858,-357.631,359.102606147,0.0863189697265625,769,26232.19634270668,32.70076251029968,1311.6,0.767370897057,0.767370897057,3387.62844862,0.82436,359.098,0.6372325420379639,0.0325928,359.174,0.0,272.012953463,2.56354515992,58.510206506
0.732763932071,7.17858,1.5351536273956299,359.168891556,5,3537.11389587,0.00644186,0.876346751317,-361.471,3812.74387806,142.343,-361.44,359.095070631,0.0874474048614502,770,26265.09397125244,32.78194761276245,1311.05,0.732315316107,0.732315316107,3370.50302836,0.824373,359.09,0.6528868675231934,0.0313416,359.164,0.0,272.599395849,2.57424853723,146.810750155
0.724314637132,7.17927,1.539130687713623,359.168549437,5,3520.74909199,0.00646803,0.903464000571,-362.879,3636.6104639,138.887,-362.854,359.094681534,0.08918213844299316,771,26297.918897628784,32.7065794467926,1311.95,0.724057768518,0.724057768518,3383.02901908,0.824537,359.09,0.6615064144134521,0.0246277,359.164,0.0,260.740191661,2.551005968,80.9340466627
0.736235393345,7.17897,1.522627592086792,358.966967951,5,3601.02145772,0.00941558,0.879847644827,-364.437,3674.65028706,132.483,-364.391,358.899119937,0.08675336837768555,772,26330.49371099472,32.4590117931366,1311.56,0.734425195801,0.734425195801,3500.888522,0.82449,358.896,0.6468019485473633,0.045929,358.965,0.0,275.105900814,2.53143887085,71.655541846
0.739497608396,7.17755,1.5250976085662842,358.880570079,5,3539.00358288,0.00653571,0.875960450492,-361.622,3611.41099223,134.289,-361.594,358.809844423,0.0810997486114502,773,26363.0051817894,32.39241361618042,1309.7,0.740084376336,0.740084376336,3428.76361906,0.824294,358.808,0.6305248737335205,0.0281067,358.879,0.0,268.764839555,2.56955651275,81.8451237149
0.729158392156,7.17441,1.5476365089416504,359.05389576,5,3498.79333797,0.00993882,0.925301283394,-361.278,3597.82710923,129.633,-361.246,358.981112004,0.08828854560852051,774,26395.657180070877,32.53621196746826,1305.59,0.731630581518,0.731630581518,3260.76308681,0.82392,358.977,0.6859583854675293,0.0323181,359.051,0.0,280.519316893,2.5442888939,129.753931318
0.751654779578,7.17178,1.5286691188812256,359.332146249,5,3585.69075681,0.00970538,0.904657693126,-364.015,3596.97022791,127.97,-363.984,359.2701357,0.08527517318725586,775,26428.52713894844,32.75181293487549,1302.16,0.751636884574,0.751636884574,3565.02668076,0.823597,359.267,0.6445269584655762,0.0317993,359.33,0.0,263.152966407,2.52034863866,11.3909850054
0.742633105463,7.17215,1.5347459316253662,359.351225439,5,3500.468135,0.00658684,0.897135965212,-361.989,3645.59915648,130.936,-361.956,359.300080882,0.08774638175964355,776,26461.721822977066,33.07553672790527,1302.65,0.744310118603,0.744310118603,3377.29629617,0.8237,359.296,0.6796810626983643,0.0323486,359.349,0.0,275.705021202,2.54112671981,94.4034748344
0.56217652656,7.1713,1.5229811668395996,359.585806051,5,3262.4535341,0.00974908,0.595929147203,-331.868,3779.47339199,125.994,-331.812,359.544711496,0.08060717582702637,777,26495.208889484406,33.36789870262146,1301.54,0.562587075194,0.562587075194,2108.62130317,0.823578,359.54,0.634568452835083,0.0568237,359.583,0.0,274.103237487,2.53542220811,591.474515816
0.689317601101,7.17093,1.5501112937927246,359.678380981,5,3456.18823882,0.00640695,0.813714932741,-361.619,3609.29683409,141.385,-361.586,359.647446133,0.0901646614074707,778,26528.335039377213,33.00145936012268,1301.05,0.689306597908,0.689306597908,3289.92793837,0.823539,359.645,0.6517350673675537,0.0325317,359.678,0.0,279.970622132,2.62142939536,103.1170856
0.742044766539,7.16902,1.5279762744903564,359.718896621,5,3523.17903698,0.00982753,0.914399113537,-363.266,3586.40864778,137.372,-363.23,359.694635553,0.08203125,779,26561.280306577682,32.82993173599243,1298.57,0.742000449716,0.742000449716,3474.23076244,0.823326,359.69,0.6442949771881104,0.0351868,359.717,0.0,270.734436497,2.58476118672,39.4656707628
0.762546594915,7.16611,1.5466418266296387,359.603461092,5,3509.67319879,0.00643756,0.917114316979,-362.437,3630.79726867,150.354,-362.405,359.585900894,0.0932471752166748,780,26594.033829689026,32.633628845214844,1294.79,0.76151909918,0.76151909918,3368.45773302,0.822925,359.581,0.6836349964141846,0.0315552,359.6,0.0,271.549612483,2.65483278724,86.3161621583
0.748106753523,7.16535,1.532421588897705,359.529221532,5,3545.35377768,0.009895,0.865049467494,-363.937,3706.77517293,135.726,-363.908,359.516267367,0.09014630317687988,781,26626.577018499374,32.42497420310974,1293.82,0.748558996289,0.748558996289,3395.67009029,0.822808,359.514,0.6516909599304199,0.0286865,359.528,0.0,272.591175364,2.56773420294,99.4514722962
0.712405990842,7.16349,1.5217087268829346,359.479535846,5,3532.55174157,0.0065523,0.908763470053,-362.971,3680.335234,140.201,-362.939,359.470808415,0.0867013931274414,782,26659.123076438904,32.429046869277954,1291.41,0.714127571531,0.714127571531,3375.98972162,0.822595,359.467,0.6512482166290283,0.0314636,359.478,0.0,275.682106069,2.58872139899,108.360771715
0.771051215632,7.16156,1.5272557735443115,359.477492215,5,3425.35387188,0.009852,0.826342048938,-361.084,3538.0794931,122.09,-361.048,359.470365746,0.08904170989990234,783,26692.00005888939,32.76083970069885,1288.92,0.77083611087,0.77083611087,3279.98541698,0.822415,359.466,0.6729321479797363,0.036438,359.475,0.0,271.111443544,2.49166742846,92.2506692109
0.716478305309,7.16237,1.5191547870635986,359.60855846,5,3519.04852793,0.00654506,0.88871110064,-363.277,3586.82280452,143.547,-363.247,359.601995708,0.08748912811279297,784,26724.535234451294,32.41822028160095,1289.96,0.717504179388,0.717504179388,3451.95854383,0.822589,359.599,0.6658427715301514,0.0296936,359.607,0.0,276.259013081,2.60963684574,53.0474530339
0.742512144704,7.16182,1.521937370300293,359.674833359,5,3477.43263804,0.00977889,0.874429308649,-361.782,3548.34057521,139.387,-361.753,359.669236781,0.08621788024902344,785,26757.49888944626,32.83830714225769,1289.26,0.742423160914,0.742423160914,3325.8245662,0.822511,359.665,0.6618905067443848,0.0288086,359.671,0.0,279.9566234,2.62022491606,80.9801499602
0.731274422154,7.16191,1.5148866176605225,359.656986877,5,3458.63607684,0.00650658,0.894547194351,-361.456,3701.1058382,140.71,-361.422,359.651161817,0.08278536796569824,786,26790.777582883835,33.16128349304199,1289.37,0.73041471198,0.73041471198,3311.81817558,0.822625,359.649,0.6516659259796143,0.0343018,359.655,0.0,272.59442165,2.60026545918,138.352957676
0.747794070177,7.16136,1.5193769931793213,359.718731052,5,3497.1559105,0.0098038,0.915043924209,-360.961,3540.84565265,139.911,-360.929,359.714773611,0.09637331962585449,787,26824.044641971588,33.147146701812744,1288.66,0.748639698193,0.748639698193,3453.00062368,0.822597,359.709,0.645611047744751,0.0313416,359.714,0.0,259.800509162,2.60256756509,34.8691114527
0.588581176112,7.15913,1.5680854320526123,359.422262277,5,3055.34701512,0.00983221,0.718800811991,-317.513,3646.07804105,135.988,-317.458,359.419745795,0.09320759773254395,788,26856.85545873642,32.693931579589844,1285.8,0.588254510046,0.588254510046,1351.37508894,0.822367,359.416,0.7115809917449951,0.055542,359.419,0.0,272.889854124,2.55064544578,859.126755797
0.652143131524,7.15848,1.5505623817443848,359.481896522,5,3497.18944108,0.00996419,0.828859830655,-363.146,3611.23014864,135.452,-363.112,359.480426877,0.09142327308654785,789,26889.565505743027,32.59825944900513,1284.95,0.652410193646,0.652410193646,3283.28825697,0.822267,359.476,0.7042896747589111,0.033844,359.478,0.0,257.018088592,2.54093170851,122.953712761
0.748630695999,7.15971,1.5327589511871338,359.444011778,5,3472.12295957,0.00642256,0.912492898826,-362.399,3702.5599485,148.615,-362.373,359.442202198,0.08438873291015625,790,26922.337230205536,32.65159296989441,1286.53,0.749670799593,0.749670799593,3320.88718327,0.822485,359.438,0.6784780025482178,0.026123,359.44,0.0,269.003098013,2.61609304176,131.580798966
0.75424971155,7.15991,1.5423667430877686,359.466375997,5,3521.38498062,0.00647062,0.915560312141,-363.868,3579.99344332,131.774,-363.836,359.464927643,0.0950784683227539,791,26955.326712608337,32.87358379364014,1286.79,0.754340123628,0.754340123628,3387.31500809,0.822537,359.461,0.6950109004974365,0.0312195,359.463,0.0,269.763029442,2.53829247884,69.045973165
0.569248153006,7.15979,1.5365374088287354,359.398488862,5,3058.27886339,0.00996698,0.335580292146,-315.846,3690.57965575,130.28,-315.797,359.397605816,0.08868980407714844,792,26988.421578645706,32.9768807888031,1286.64,0.568902400784,0.568902400784,1222.3149261,0.822544,359.394,0.695704460144043,0.0493774,359.395,0.0,264.319931687,2.53702184298,928.575825819
0.696613450088,7.15909,1.5396227836608887,359.460568515,5,3566.86841326,0.00992376,0.813824502522,-363.272,3681.20221426,135.299,-363.238,359.460224215,0.0931997299194336,793,27021.450721025467,32.90694832801819,1285.74,0.696931842089,0.696931842089,3366.67780413,0.822443,359.455,0.7004656791687012,0.0346985,359.456,0.0,282.516638767,2.60095820771,113.483041274
0.767341967707,7.15758,1.5336005687713623,359.505303128,5,3528.28340612,0.00984796,0.902680815439,-364.176,3602.85191189,130.739,-364.138,359.505098674,0.09295773506164551,794,27054.352599859238,32.779221534729004,1283.8,0.766312895088,0.766312895088,3440.17716712,0.822273,359.501,0.7005259990692139,0.0383606,359.502,0.0,273.681459186,2.57859226993,57.4047808512
0.741453254175,7.15962,1.5067825317382812,359.48577997,5,3601.21175305,0.00975925,0.917107727036,-365.345,3688.20411755,137.282,-365.312,359.485549067,0.09067511558532715,795,27086.73455762863,32.2639639377594,1286.42,0.740971459423,0.740971459423,3481.19855118,0.822515,359.482,0.6747581958770752,0.0335693,359.482,0.0,275.099861661,2.56966301029,67.6818590815
0.751084373365,7.16001,1.5221757888793945,359.848157825,5,3554.97369001,0.00649844,0.92544482935,-363.828,3674.95094625,123.443,-363.798,359.848056011,0.08798956871032715,796,27119.515399217606,32.66076302528381,1286.92,0.752392189931,0.752392189931,3482.97581531,0.822605,359.845,0.675199031829834,0.0303345,359.845,0.0,271.140142133,2.48782047004,67.0630113181
0.752416194649,7.15941,1.5173406600952148,359.709084345,5,3407.69769647,0.00991461,0.881757743339,-361.14,3541.58165076,147.056,-361.108,359.709073776,0.08972525596618652,797,27152.111917734146,32.48987340927124,1286.15,0.753288452852,0.753288452852,3185.2956679,0.822559,359.707,0.6878106594085693,0.0314026,359.707,0.0,247.779970917,2.60401641379,121.485065122
0.725144628092,7.15884,1.5270922183990479,359.773597262,5,3506.39249856,0.00998077,0.88439437352,-362.917,3586.50783229,144.939,-362.887,359.773567316,0.08527421951293945,798,27184.66781425476,32.44078230857849,1285.41,0.72611010739,0.72611010739,3405.61014111,0.822534,359.769,0.6712853908538818,0.0294495,359.769,0.0,273.316213942,2.58405248799,65.7004026508
0.740649481341,7.1556,1.5634915828704834,359.774835401,5,3517.69111682,0.00988445,0.914517135042,-362.746,3589.08334128,132.377,-362.712,359.774835401,0.09207606315612793,799,27217.147332668304,32.368030071258545,1281.26,0.741550852781,0.741550852781,3419.14211247,0.82208,359.77,0.7291038036346436,0.0341492,359.771,0.0,272.469340341,2.54161917316,66.7422366707
0.748398167786,7.15491,1.5428190231323242,359.829659145,5,3540.05775953,0.00999518,0.887887230879,-364.51,3609.00258254,131.511,-364.47,359.829652708,0.08688879013061523,800,27249.639721870422,32.37691521644592,1280.38,0.74913960831,0.74913960831,3457.52979549,0.822024,359.826,0.690727710723877,0.0396118,359.826,0.0,257.891190937,2.52917491197,61.8417941996
0.760441547272,7.15304,1.5386271476745605,360.113333405,5,3512.37059705,0.00647314,0.896020114455,-363.768,3602.55703363,145.405,-363.741,360.113333405,0.08616757392883301,801,27282.32445168495,32.56921935081482,1277.99,0.76116116435,0.76116116435,3446.20072751,0.821764,360.109,0.6596701145172119,0.0272522,360.109,0.0,274.15394707,2.61053281382,58.2928844213
0.731093992584,7.14958,1.5464863777160645,360.189887723,5,3553.24331414,0.00987068,0.935332908082,-363.705,3608.42226072,125.881,-363.669,360.189879298,0.08788156509399414,802,27315.648102283478,33.210262298583984,1273.56,0.731245040712,0.731245040712,3446.54824809,0.821362,360.185,0.674724817276001,0.0360413,360.185,0.0,281.176322597,2.52133647576,58.018098357
0.742826045859,7.14797,1.555767297744751,360.289340539,5,3501.92431178,0.00997468,0.914308113602,-363.347,3638.42237458,142.731,-363.317,360.289339672,0.08584952354431152,803,27348.741623401642,32.95548343658447,1271.52,0.744778170284,0.744778170284,3355.93575841,0.821202,360.288,0.6667478084564209,0.0297852,360.288,0.0,267.165891952,2.58265623502,113.070560097
0.721601393532,7.14837,1.613854169845581,360.729772452,5,3596.94506022,0.00646076,0.905540563408,-365.197,3720.53984029,129.758,-365.174,360.729767245,0.09801721572875977,804,27382.06129217148,33.197128772735596,1272.04,0.722068707734,0.722068707734,3536.10266743,0.821375,360.725,0.7238149642944336,0.0229797,360.725,0.0,283.700217189,2.52198167255,66.9096988961
0.733939333151,7.14984,1.5710995197296143,360.63482221,5,3501.99129722,0.0064596,0.858292549053,-363.353,3644.77526184,152.774,-363.326,360.634800006,0.09605622291564941,805,27415.46068930626,33.26821756362915,1273.9,0.73632558128,0.73632558128,3285.91231652,0.821633,360.633,0.6764736175537109,0.0274658,360.633,0.0,293.831726843,2.62107694896,127.210574873
0.729503038871,7.14857,1.579364538192749,360.619099748,5,3612.98953827,0.00985816,0.894767138442,-365.173,3823.39003845,132.585,-365.141,360.619095243,0.09243464469909668,806,27448.630067825317,33.03647494316101,1272.29,0.731023425501,0.731023425501,3467.69545582,0.821508,360.616,0.6723096370697021,0.0315552,360.616,0.0,277.272658094,2.53594534146,128.217767776
0.763774551797,7.14585,1.5616180896759033,360.668776022,5,3476.11522075,0.00971296,0.8810506296,-362.998,3619.41822341,146.994,-362.967,360.668772797,0.09273123741149902,807,27481.7997674942,33.032233238220215,1268.83,0.763217348048,0.763217348048,3363.02522213,0.821167,360.663,0.6823210716247559,0.0314636,360.663,0.0,265.140247363,2.59156910662,90.0193086651
0.73845338472,7.14363,1.5341768264770508,360.778003623,5,3497.42368978,0.00646892,0.9141713169,-364.244,3652.49233562,141.56,-364.213,360.777997186,0.08485603332519531,808,27514.769025325775,32.83527994155884,1266.01,0.737736261809,0.737736261809,3382.02292449,0.820998,360.773,0.6225032806396484,0.0310364,360.774,0.0,271.822679897,2.59373443732,100.794284211
0.751903821423,7.14115,1.5505688190460205,361.063584091,5,3568.18342389,0.0065108,0.910652786078,-365.908,3673.53019814,124.49,-365.877,361.063578884,0.08878588676452637,809,27547.848693847656,32.944698095321655,1262.88,0.751643210027,0.751643210027,3484.11421946,0.820707,361.06,0.641150951385498,0.0306091,361.06,0.0,271.393210013,2.53936913012,68.5029127647
0.757705381517,7.1409,1.5651168823242188,361.279751733,5,3549.57847442,0.00914289,0.907583618904,-365.117,3737.6351446,140.358,-365.059,361.279743308,0.09085702896118164,810,27580.568479537964,32.592445373535156,1262.57,0.758973547105,0.758973547105,3412.32333943,0.820696,361.275,0.685164213180542,0.0583191,361.275,0.0,271.851991792,2.58425520242,123.130661954
0.754938498532,7.14042,1.5426223278045654,361.389752258,5,3511.04137169,0.00645626,0.876888139089,-364.804,3547.09045533,136.068,-364.783,361.38972917,0.08245134353637695,811,27613.547682523727,32.85871720314026,1261.96,0.755599193169,0.755599193169,3463.74961568,0.820649,361.386,0.62807297706604,0.0208435,361.386,0.0,250.857590669,2.54780152964,29.7795146862
0.726840588841,7.13896,1.574439287185669,361.442341678,5,3558.05730952,0.00991288,0.901789193593,-367.314,3612.16550655,146.905,-367.287,361.442316068,0.09256649017333984,812,27646.523441553116,32.85151195526123,1260.12,0.726822692059,0.726822692059,3459.32136106,0.820458,361.439,0.6768434047698975,0.0267334,361.439,0.0,276.873463485,2.57930291193,52.8823732996
0.753842821536,7.13723,1.5571084022521973,361.408346272,5,3620.05296467,0.00649177,0.916272653129,-366.542,3750.91104525,140.529,-366.508,361.408311287,0.09058260917663574,813,27679.86676645279,33.22542953491211,1257.94,0.754191576874,0.754191576874,3492.85108778,0.820211,361.405,0.67232346534729,0.0339355,361.405,0.0,274.582602827,2.53044305586,100.733816361
0.750899871046,7.13668,1.583972692489624,361.317149647,5,3480.53694152,0.00979108,0.897770321179,-363.498,3544.81009267,134.157,-363.468,361.317129924,0.09020662307739258,814,27712.867668151855,32.88237285614014,1257.24,0.752298800535,0.752298800535,3318.89212362,0.82015,361.313,0.7001640796661377,0.0306702,361.313,0.0,261.029557302,2.53706160679,82.7613514951
0.755617363508,7.13662,1.5733840465545654,361.608734974,5,3486.52238345,0.00978917,0.884885824222,-364.668,3619.35949455,127.509,-364.632,361.608699157,0.0953216552734375,815,27745.919462442398,32.935192823410034,1257.17,0.754546393837,0.754546393837,3382.87974615,0.82021,361.606,0.6947934627532959,0.0361633,361.606,0.0,267.842602527,2.48638680777,87.1385622061
0.734119126997,7.13469,1.563344955444336,361.959749992,5,3528.37322717,0.00995945,0.905228946708,-364.573,3650.12777884,134.889,-364.52,361.959742195,0.09419775009155273,816,27778.894113779068,32.85667872428894,1254.75,0.734808788966,0.734808788966,3370.97326326,0.819959,361.956,0.6876630783081055,0.0529175,361.956,0.0,269.183674359,2.51851177189,101.752461925
0.723353408168,7.13452,1.5872540473937988,361.902481988,5,3524.62868885,0.00640255,0.895098678292,-364.77,3647.42571744,148.689,-364.744,361.902472536,0.094390869140625,817,27812.221045732498,33.209500789642334,1254.54,0.723780134106,0.723780134106,3378.83740926,0.81998,361.899,0.6987731456756592,0.0261536,361.899,0.0,259.906413072,2.59414250939,91.3819951756
0.714801572145,7.13346,1.5625371932983398,361.938748643,5,3565.57726136,0.00966592,0.91636536313,-365.352,3651.9264953,142.457,-365.316,361.938702828,0.08986568450927734,818,27845.293785095215,32.952765226364136,1253.21,0.714503803948,0.714503803948,3516.7482508,0.819886,361.934,0.6893465518951416,0.0352783,361.935,0.0,267.499899387,2.59915281364,47.1192377079
0.767254885131,7.13251,1.567122220993042,361.954104882,5,3456.40092014,0.00644789,0.87859282094,-363.373,3554.33201631,151.318,-363.336,361.953993491,0.09088683128356934,819,27878.260756492615,32.85063552856445,1252.01,0.767671206337,0.767671206337,3344.08898773,0.819888,361.95,0.6729040145874023,0.0377197,361.95,0.0,273.450132142,2.61056416815,84.6652460161
0.739190888973,7.13238,1.5369141101837158,362.120485454,5,3520.32098273,0.00645524,0.893743164837,-364.638,3585.05289014,132.734,-364.596,362.120357768,0.08522725105285645,820,27911.075966119766,32.69321012496948,1251.85,0.739411703711,0.739411703711,3410.77248163,0.819909,362.116,0.633979320526123,0.0414734,362.116,0.0,271.146736843,2.5262697588,59.4208844276
0.736101938782,7.13103,1.5546045303344727,362.002704622,5,3439.96014283,0.00668933,0.898091878843,-364.114,3542.37265969,147.617,-364.081,362.002645973,0.08427047729492188,821,27943.984701871872,32.79241442680359,1250.17,0.737152721205,0.737152721205,3298.94217295,0.819744,362.001,0.6571204662322998,0.0330505,362.001,0.0,270.03886431,2.58562969216,88.8608177267
0.731838803181,7.13028,1.5367136001586914,361.958702989,5,3424.56777906,0.00964956,0.886791045407,-362.059,3525.55699596,137.673,-362.014,361.958551443,0.08637189865112305,822,27976.956259012222,32.84140586853027,1249.23,0.73324760981,0.73324760981,3302.7270003,0.819664,361.955,0.6480898857116699,0.0449219,361.956,0.0,265.531982276,2.52550727782,73.9827457942
0.750967239831,7.12837,1.5496835708618164,362.154558171,5,3435.48205824,0.00644301,0.893841034982,-362.781,3623.41911312,140.702,-362.749,362.15431172,0.08463120460510254,823,28009.999742269516,32.923120737075806,1246.84,0.750691345602,0.750691345602,3283.74167098,0.819467,362.151,0.6573865413665771,0.032074,362.151,0.0,270.462741276,2.54165397482,114.710470363
0.558681759454,7.12821,1.5335187911987305,362.009910407,5,3308.85011904,0.00661462,0.565203372427,-344.946,3611.16848993,141.749,-344.907,362.009742238,0.08380436897277832,824,28043.226276636124,33.091068744659424,1246.65,0.559572592156,0.559572592156,2633.89749882,0.81949,362.007,0.6429438591003418,0.0387878,362.007,0.0,275.478439359,2.57240436661,352.953541136
0.70449645092,7.12853,1.5323913097381592,362.09010919,5,3547.27294419,0.0099104,0.856892385784,-365.473,3636.933782,139.905,-365.44,362.090008772,0.0912637710571289,825,28076.15056037903,32.809653997421265,1247.04,0.702694627194,0.702694627194,3443.51675496,0.819558,362.086,0.6650066375732422,0.0322876,362.086,0.0,269.909312852,2.56647072632,73.7980559071
0.743821242125,7.12596,1.5463321208953857,362.0681291,5,3473.57633286,0.00986979,0.893776521457,-363.566,3565.28969704,151.797,-363.529,362.067928682,0.09167122840881348,826,28109.303048849106,33.02460837364197,1243.85,0.744332415987,0.744332415987,3397.34898535,0.819389,362.063,0.6441028118133545,0.0367432,362.063,0.0,272.837670893,2.5752503661,66.2065146926
0.730551612163,7.12635,1.541766881942749,362.021616867,5,3567.76790912,0.00996359,0.906685762013,-365.835,3707.33185671,137.076,-365.801,362.021486557,0.09091782569885254,827,28142.362344026566,32.94572448730469,1244.33,0.731076516031,0.731076516031,3437.72843577,0.819503,362.019,0.6924278736114502,0.0339966,362.02,0.0,276.694994223,2.49878287377,88.4875785936
0.749712901604,7.12432,1.538586139678955,361.935383318,5,3421.39926276,0.00996922,0.90126043172,-361.301,3489.56187217,136.498,-361.266,361.935277346,0.09190011024475098,828,28175.3490357399,32.8725802898407,1241.8,0.750316149687,0.750316149687,3255.78544834,0.819345,361.93,0.6832351684570312,0.0345154,361.931,0.0,259.215112038,2.50943781819,85.4417291006
0.733442967037,7.12262,1.5606906414031982,361.912476839,5,3532.72121381,0.00640949,0.896662894177,-365.468,3731.29064234,153.466,-365.441,361.912272941,0.0892646312713623,829,28208.506702899933,33.027838468551636,1239.69,0.735404038428,0.735404038428,3419.90976031,0.819119,361.91,0.6957831382751465,0.0267029,361.911,0.0,262.540096544,2.58156972151,115.071958952
0.700125742088,7.1226,1.566678524017334,362.169418475,5,3449.28193632,0.0097624,0.900996196275,-361.739,3563.70628817,132.671,-361.707,362.169305592,0.08959364891052246,830,28241.533051490784,32.88899755477905,1239.66,0.700724822714,0.700724822714,3291.43489746,0.819206,362.163,0.6860384941101074,0.0322571,362.164,0.0,269.595133911,2.48681647598,104.17438913
0.747551555709,7.12043,1.5528616905212402,362.299441571,5,3458.91873531,0.0064812,0.886723651784,-363.957,3569.12565055,140.158,-363.928,362.29924281,0.08681368827819824,831,28274.601518392563,32.949880599975586,1236.98,0.747917735668,0.747917735668,3362.25090871,0.818917,362.295,0.6540017127990723,0.0298157,362.296,0.0,265.983644364,2.5027312213,87.4585151783
0.748349141718,7.12151,1.5429141521453857,362.410335404,5,3559.43610319,0.00941499,0.887909475445,-364.935,3653.07345718,139.27,-364.901,362.410237593,0.08494138717651367,832,28307.593166589737,32.86980438232422,1238.32,0.748367067255,0.748367067255,3439.61059713,0.819106,362.408,0.6486632823944092,0.0335999,362.408,0.0,279.861580144,2.51525580783,80.5792728944
0.714246841718,7.12096,1.5512628555297852,362.40004318,5,3536.35215713,0.00663592,0.909244355121,-364.734,3666.65773915,135.783,-364.687,362.399823456,0.09073853492736816,833,28340.752073287964,33.035762548446655,1237.64,0.713740384426,0.713740384426,3474.4206045,0.819078,362.397,0.6518731117248535,0.0471191,362.397,0.0,277.379976687,2.48820335158,68.3925191909
0.563196094292,7.12115,1.540891408920288,362.202857386,5,3081.38352238,0.00645555,0.717164918991,-326.336,3681.45395238,143.778,-326.297,362.202475689,0.08775496482849121,834,28374.069156885147,33.19830250740051,1237.87,0.563037473768,0.563037473768,1660.63268409,0.81912,362.197,0.6210672855377197,0.038269,362.198,0.0,255.755402292,2.55385326583,721.915072425
0.680215797228,7.12126,1.5739960670471191,362.333424896,5,3512.12475447,0.00988543,0.855175922481,-365.668,3639.51560906,135.692,-365.632,362.333283977,0.09570550918579102,835,28407.40663909912,33.21739983558655,1238.01,0.680884233335,0.680884233335,3428.11085419,0.819204,362.33,0.6860909461975098,0.035553,362.331,0.0,262.817011603,2.45863575268,70.2319682539
0.740808474825,7.12,1.5586771965026855,362.414415732,5,3521.9744865,0.00670192,0.901457892107,-364.807,3565.25301819,141.734,-364.768,362.414376819,0.08842945098876953,836,28441.353357553482,33.83010220527649,1236.45,0.740201125099,0.740201125099,3472.77851029,0.819086,362.41,0.6708300113677979,0.0396118,362.411,0.0,278.006961708,2.49581359114,29.6924609309
0.739934777135,7.11937,1.5958473682403564,362.157712129,5,3485.72558446,0.00959134,0.907133501182,-363.83,3616.42372504,136.469,-363.783,362.15762997,0.09572815895080566,837,28475.389218330383,33.90662860870361,1235.67,0.738750256498,0.738750256498,3266.5611614,0.819031,362.155,0.7167298793792725,0.0472717,362.155,0.0,246.92156264,2.43859735723,118.848344655
0.763844072103,7.11846,1.6026222705841064,362.292857418,5,3526.98162438,0.00647777,0.885993418751,-362.83,3601.94618054,125.827,-362.802,362.292799874,0.10123848915100098,838,28509.732901096344,34.20899701118469,1234.55,0.76312176329,0.76312176329,3444.34180668,0.818942,362.289,0.7448070049285889,0.0283203,362.29,0.0,263.682431719,2.39279125698,65.2893307962
0.752518721228,7.11748,1.6363074779510498,362.42268965,5,3537.16950705,0.00656689,0.893109414622,-365.283,3640.89355357,132.896,-365.238,362.422685379,0.10377192497253418,839,28543.713003396988,33.85407066345215,1233.33,0.754562107292,0.754562107292,3470.0532114,0.81883,362.419,0.7734785079956055,0.0452881,362.419,0.0,275.820922467,2.4395007859,60.9571310117
0.722594355854,7.11733,1.5811572074890137,362.552314298,5,3527.31622805,0.00650057,0.895654472118,-365.263,3646.43615468,126.774,-365.229,362.55228794,0.0990457534790039,840,28577.343252897263,33.50560736656189,1233.15,0.72364430763,0.72364430763,3420.67956211,0.818802,362.549,0.7323789596557617,0.033905,362.549,0.0,275.910257969,2.39874562784,74.2628742909
0.74579544892,7.11571,1.5739092826843262,362.811969922,5,3530.48374277,0.00993039,0.903617670498,-365.199,3624.42472092,135.531,-365.164,362.811749021,0.09803605079650879,841,28610.581194400787,33.1137535572052,1231.15,0.74545269,0.74545269,3351.21320387,0.818631,362.808,0.7016324996948242,0.0350037,362.809,0.0,262.324365632,2.47448756558,103.340060623
0.743738036604,7.11517,1.545259714126587,362.661072699,5,3552.77559336,0.0093444,0.91505463551,-364.772,3678.43189979,150.767,-364.739,362.660990686,0.09350037574768066,842,28644.274188756943,33.57043123245239,1230.5,0.741645064697,0.741645064697,3473.0682062,0.818607,362.657,0.661933183670044,0.0326843,362.658,0.0,272.408571964,2.53779428049,71.3293585654
0.721019943924,7.11481,1.570802927017212,362.534663341,5,3553.00287733,0.00643218,0.911570746474,-366.067,3669.8755492,148.623,-366.035,362.534653204,0.0968017578125,843,28678.7993350029,34.397501945495605,1230.05,0.722230341206,0.722230341206,3399.44509126,0.818646,362.531,0.685197114944458,0.0324402,362.532,0.0,292.126753111,2.53584376976,90.6123888049
0.731551789462,7.11475,1.5856215953826904,362.443136906,5,3500.31429365,0.00653785,0.875877064829,-364.973,3564.06135136,145.07,-364.947,362.442951568,0.09929037094116211,844,28713.096835136414,34.17698884010315,1229.98,0.731092205176,0.731092205176,3372.60471086,0.818693,362.44,0.7406895160675049,0.0262451,362.441,0.0,277.040226632,2.5067246,68.8922876689
0.742425866634,7.11371,1.589134693145752,362.145857844,5,3504.92503472,0.00975102,0.8932048284,-363.393,3650.97260829,150.754,-363.354,362.145647667,0.09946322441101074,845,28747.03190970421,33.815205812454224,1228.7,0.742990272804,0.742990272804,3425.22829523,0.81856,362.14,0.734778642654419,0.0386963,362.141,0.0,284.339684835,2.54112038399,81.0293500317
0.763409125377,7.11241,1.5811793804168701,362.113586663,5,3520.0097065,0.00648018,0.900137780641,-363.972,3570.41824382,138.579,-363.948,362.113322047,0.09643077850341797,846,28780.71915769577,33.566606760025024,1227.1,0.763926017027,0.763926017027,3494.2886074,0.818452,362.111,0.739022970199585,0.0242004,362.112,0.0,273.534477804,2.46890441497,27.2530209528
0.738542268179,7.10995,1.622659683227539,362.116574787,5,3513.13124319,0.00994276,0.926026136697,-364.14,3613.31756394,145.475,-364.109,362.116490673,0.10830545425415039,847,28815.072922229767,34.22276258468628,1224.08,0.738440787206,0.738440787206,3412.27343701,0.81822,362.111,0.8106818199157715,0.0310364,362.111,0.0,279.077548893,2.5035778348,63.927929883
0.733764684023,7.10738,1.5553040504455566,362.367640202,5,3498.71511187,0.00983911,0.90663803823,-365.698,3597.90470734,134.557,-365.668,362.367502171,0.09370613098144531,848,28849.374553203583,34.16926860809326,1220.94,0.733821597238,0.733821597238,3264.20779476,0.817914,362.365,0.7156968116760254,0.0302734,362.365,0.0,256.514934123,2.4823205568,122.149941313
0.762642548199,7.10718,1.599076271057129,362.380027018,5,3575.11452115,0.0099987,0.898732691439,-366.493,3691.48059093,150.905,-366.459,362.37987594,0.10239648818969727,849,28883.678842782974,34.18307566642761,1220.7,0.762092628325,0.762092628325,3534.22340131,0.817901,362.375,0.7969613075256348,0.0341797,362.376,0.0,271.772627148,2.55897659905,58.7453691754
0.548507711342,7.10546,1.5604867935180664,362.649841979,5,3316.00816663,0.00976355,0.61725971065,-346.853,3631.17660263,138.188,-346.81,362.649656876,0.10040426254272461,850,28917.642050743103,33.838966846466064,1218.6,0.548822040474,0.548822040474,2457.25169152,0.817735,362.647,0.7365763187408447,0.0433044,362.648,0.0,268.427038848,2.48032859781,437.191238866
0.708409315821,7.10427,1.6168336868286133,362.918386926,5,3614.2548108,0.00995532,0.870733567583,-367.675,3685.31009579,130.425,-367.643,362.918362769,0.10581016540527344,851,28952.003662109375,34.232985496520996,1217.16,0.707277403083,0.707277403083,3552.73406515,0.817672,362.914,0.8363330364227295,0.0325928,362.914,0.0,279.075015955,2.42773785813,45.24391344
0.761274756917,7.10412,1.596024990081787,362.969331618,5,3569.85022473,0.00641371,0.899485423205,-367.072,3695.16414397,144.064,-367.042,362.969088402,0.09865331649780273,852,28986.96759581566,34.83947443962097,1216.96,0.761889897611,0.761889897611,3475.33740233,0.817614,362.965,0.7695834636688232,0.0302429,362.966,0.0,271.871390622,2.53661783076,84.6942860988
0.748964190417,7.10396,1.6095013618469238,362.85904672,5,3525.12240137,0.00644833,0.914196287606,-365.731,3605.95822337,150.189,-365.704,362.858974229,0.10058021545410156,853,29021.6881980896,34.591227769851685,1216.77,0.748643938731,0.748643938731,3363.35818603,0.817608,362.856,0.7906105518341064,0.0270691,362.857,0.0,283.92626095,2.56735920716,87.9953368291
0.744586864927,7.10325,1.6231822967529297,362.857429741,5,3505.31965258,0.00646483,0.893008386304,-364.107,3594.9876003,134.791,-364.08,362.857164198,0.10808539390563965,854,29056.802654981613,34.98958349227905,1215.91,0.744571141634,0.744571141634,3377.15082392,0.817504,362.851,0.7977707386016846,0.0276794,362.851,0.0,272.956842427,2.48497585099,72.0459160032
0.542440743736,7.10065,1.657189130783081,362.846449193,5,3084.73965077,0.0097734,0.801397121067,-326.579,3623.79127,131.29,-326.534,362.846259211,0.10948920249938965,855,29092.34787940979,35.42020559310913,1212.75,0.543465241853,0.543465241853,1462.18084518,0.817265,362.843,0.8332767486572266,0.0454712,362.843,0.0,273.317884984,2.46257196451,814.683610956
0.671825236364,7.09935,1.6520988941192627,363.023018512,5,3542.38742506,0.00988185,0.822351712754,-366.877,3608.01640365,144.725,-366.842,363.02289946,0.10599946975708008,856,29128.237584114075,35.76316785812378,1211.17,0.671912282367,0.671912282367,3493.24233457,0.817078,363.019,0.8337705135345459,0.0353699,363.02,0.0,273.569402265,2.54619593389,39.6116248889
0.740363473794,7.09909,1.5881879329681396,363.101738359,5,3596.55179434,0.00989651,0.912324077845,-367.633,3682.60347967,136.142,-367.599,363.101449404,0.09701156616210938,857,29162.666741847992,34.30027914047241,1210.87,0.740265884434,0.740265884434,3466.07787545,0.817088,363.098,0.7320029735565186,0.0335388,363.098,0.0,274.815957574,2.47509576391,75.3225047442
0.72288232629,7.09774,1.5992763042449951,362.848553472,5,3506.47411011,0.00972292,0.919345211324,-365.615,3672.65213829,146.504,-365.573,362.848462025,0.10219073295593262,858,29197.57291483879,34.78016209602356,1209.23,0.723051540322,0.723051540322,3393.71232058,0.816868,362.847,0.780402660369873,0.042511,362.847,0.0,274.413576017,2.5043639076,100.374122472
0.735276280752,7.09728,1.5954182147979736,362.829939641,5,3578.61260146,0.00640064,0.918129142132,-366.975,3740.66640901,151.986,-366.948,362.829515591,0.10372304916381836,859,29232.180366039276,34.48536396026611,1208.67,0.735341715943,0.735341715943,3483.09696073,0.816799,362.824,0.7835555076599121,0.0265503,362.826,0.0,277.622816779,2.58577728554,92.4152245873
0.730890188308,7.09669,1.547919511795044,363.060060082,5,3560.0016614,0.00986711,0.924428501062,-366.618,3703.69748694,128.706,-366.588,363.059827028,0.0954444408416748,860,29266.42446064949,34.11930465698242,1207.96,0.732222097947,0.732222097947,3492.21765304,0.816701,363.056,0.7020907402038574,0.0302429,363.056,0.0,263.484059215,2.45470700729,77.8273025198
0.759485642803,7.09428,1.5852322578430176,363.178635421,5,3510.95660799,0.00644478,0.910960717418,-364.707,3620.82704327,137.132,-364.682,363.178436818,0.10222697257995605,861,29301.29752111435,34.75256299972534,1205.05,0.759179645472,0.759179645472,3432.87966383,0.816486,363.176,0.7549877166748047,0.0243835,363.176,0.0,269.653447367,2.48019891353,67.5214670207
0.739723198602,7.09088,1.639467477798462,363.109203192,5,3494.09828763,0.00985493,0.914974550075,-363.658,3603.47899679,146.617,-363.627,363.109015539,0.10665392875671387,862,29335.881110429764,34.45863342285156,1200.97,0.740720919863,0.740720919863,3401.68877078,0.816073,363.105,0.8186485767364502,0.0308533,363.105,0.0,273.72115245,2.53547295056,87.318052972
0.753758354184,7.08868,1.5676324367523193,363.123074575,5,3582.07953449,0.009942,0.889771770725,-367.237,3703.80518275,130.778,-367.204,363.122527424,0.09885168075561523,863,29370.396861553192,34.38883304595947,1198.32,0.754990104592,0.754990104592,3459.02044439,0.815802,363.118,0.7184436321258545,0.0326538,363.119,0.0,270.11430237,2.44447579763,83.2255835747
0.752559076453,7.08925,1.6128807067871094,363.11149856,5,3542.0187447,0.00651094,0.907898242873,-367.152,3653.90102928,141.666,-367.126,363.110778082,0.10612726211547852,864,29405.38892030716,34.862573862075806,1199.01,0.75213392783,0.75213392783,3452.36649688,0.815884,363.108,0.7998790740966797,0.0267029,363.11,0.0,283.690344844,2.48547633632,69.1771856263
0.754740063539,7.08805,1.591684341430664,363.08012393,5,3521.41003849,0.00997531,0.901919653916,-365.885,3632.00840887,144.885,-365.851,363.078944485,0.10557103157043457,865,29440.773530960083,35.26110124588013,1197.57,0.755684993582,0.755684993582,3416.28299442,0.815748,363.076,0.7551395893096924,0.0336914,363.078,0.0,268.198790637,2.49288335626,82.1294991219
0.740231458978,7.08812,1.672499656677246,363.239412288,5,3574.78619898,0.00641752,0.916013781388,-366.565,3656.20056641,146.636,-366.542,363.237376065,0.11122345924377441,866,29477.310641765594,36.398401737213135,1197.66,0.739920884387,0.739920884387,3514.17626183,0.815853,363.233,0.8545694351196289,0.022583,363.236,0.0,269.153357692,2.53345464397,56.6412316894
0.740961262203,7.0862,1.7365179061889648,363.447606576,5,3520.57199719,0.00988144,0.930527950598,-366.088,3629.70005389,132.019,-366.06,363.445695089,0.11570453643798828,867,29513.210201978683,35.75892353057861,1195.36,0.741765137205,0.741765137205,3452.88345474,0.815644,363.444,0.9136998653411865,0.0274963,363.446,0.0,263.014332399,2.44293464586,59.1086312416
0.732828837371,7.08586,1.6045341491699219,363.567086698,5,3636.93147321,0.00983266,0.913014174821,-368.526,3793.75335347,141.791,-368.486,363.564881987,0.10299348831176758,868,29548.200412273407,34.86835193634033,1194.95,0.734272301974,0.734272301974,3552.07713355,0.81562,363.56,0.7598252296447754,0.0403748,363.563,0.0,287.062004239,2.5137416492,84.9850784058
0.769718633327,7.0855,1.5785586833953857,363.409985256,5,3551.94215861,0.0065296,0.906964743927,-366.665,3674.75830035,147.17,-366.63,363.407276671,0.09985184669494629,869,29583.251130580902,34.92663788795471,1194.52,0.769865530367,0.769865530367,3422.30971536,0.815632,363.404,0.7383620738983154,0.0350952,363.407,0.0,255.317835563,2.51396726581,87.2829697545
0.712617498495,7.08459,1.6394574642181396,363.507004006,5,3560.62789669,0.0099884,0.907670821289,-367.073,3685.23138288,131.839,-367.008,363.505442318,0.10919404029846191,870,29619.029547691345,35.654677867889404,1193.43,0.713782694807,0.713782694807,3438.07959866,0.815557,363.503,0.8223659992218018,0.0650635,363.505,0.0,265.81923171,2.46423840118,87.1336143595
0.71063442084,7.0839,1.6105549335479736,363.42947893,5,3559.49600213,0.00655731,0.888948758677,-366.366,3591.37798908,147.21,-366.341,363.42684868,0.10594439506530762,871,29654.208418369293,35.04198241233826,1192.61,0.712142888312,0.712142888312,3492.51561595,0.815458,363.425,0.7659683227539062,0.025116,363.429,0.0,272.856091499,2.52231482345,35.6343101834
0.738733497016,7.08383,1.6592657566070557,363.46839405,5,3572.15401869,0.00652497,0.894860222055,-366.116,3665.85605672,138.324,-366.081,363.464121213,0.10862350463867188,872,29689.387430667877,35.05773401260376,1192.53,0.737446419387,0.737446419387,3524.21338438,0.815498,363.46,0.8390858173370361,0.0346069,363.466,0.0,271.856667581,2.48618264929,51.1625450784
0.720410820251,7.0815,1.5771045684814453,363.186958272,5,3534.90137345,0.00985366,0.891496585583,-364.853,3643.15253601,144.615,-364.822,363.181627237,0.09450125694274902,873,29724.448300361633,34.93342041969299,1189.76,0.721428017531,0.721428017531,3387.83400216,0.815273,363.177,0.7070846557617188,0.0307922,363.183,0.0,267.787431869,2.51904670462,96.4284461212
0.7448298086,7.08175,1.5821928977966309,363.183971758,5,3472.59536181,0.00992218,0.903555387,-364.712,3586.07923944,141.094,-364.68,363.175924235,0.0988006591796875,874,29758.607381105423,34.04093670845032,1190.05,0.744686386194,0.744686386194,3303.75775266,0.815364,363.173,0.7505805492401123,0.0322266,363.182,0.0,269.541149318,2.4820834897,92.3183973731
0.719602209935,7.07959,1.5621297359466553,363.233854829,5,3546.2928288,0.00656493,0.889833211521,-366.011,3686.3870747,153.471,-365.982,363.224962288,0.09712696075439453,875,29793.246131658554,34.514466524124146,1187.48,0.719316314074,0.719316314074,3361.57506248,0.815111,363.22,0.7261898517608643,0.0288391,363.231,0.0,282.307623988,2.5553925712,125.397470462
0.706425063687,7.07793,1.6779499053955078,363.170595357,5,3544.57143806,0.00986999,0.903730306506,-366.662,3620.22818043,141.686,-366.63,363.162435028,0.1160118579864502,876,29828.85585951805,35.48451018333435,1185.51,0.708702796336,0.708702796336,3443.3200729,0.814943,363.16,0.843226432800293,0.0319824,363.17,0.0,265.006932374,2.4576692882,63.9852869886
0.747027643323,7.07368,1.5626411437988281,363.160085013,5,3521.80782653,0.00640793,0.91656840352,-364.612,3637.86634656,142.481,-364.583,363.148607139,0.09409832954406738,877,29862.75050020218,33.77162432670593,1180.49,0.747283526622,0.747283526622,3442.23336514,0.81441,363.146,0.6897091865539551,0.0295715,363.16,0.0,280.98452004,2.4696524116,74.3745516489
0.640906110013,7.07281,1.5852482318878174,362.793087545,5,2909.27244433,0.00982488,0.149733693102,-304.352,3714.00773927,144.516,-304.313,362.775130405,0.09851503372192383,878,29898.866796970367,35.99722933769226,1179.46,0.640776133412,0.640776133412,265.858452177,0.814285,362.771,0.7090587615966797,0.0392151,362.793,0.0,261.259936481,2.51039776699,1325.03007554
0.656739707165,7.07262,1.6365997791290283,362.783232227,5,3573.81166569,0.00990853,0.829123906247,-366.982,3726.58448712,134.711,-366.95,362.762197679,0.10762786865234375,879,29934.075116872787,35.07864689826965,1179.23,0.656958937704,0.656958937704,3472.85593799,0.814244,362.76,0.8145723342895508,0.0317383,362.783,0.0,278.507379085,2.45334458805,86.7960479515
0.759110285554,7.06929,1.5985920429229736,362.668356507,5,3555.03951874,0.00998322,0.915126755251,-365.048,3670.20253137,150.945,-365.014,362.653307748,0.10240459442138672,880,29967.51836681366,33.31404137611389,1175.31,0.7597605011,0.7597605011,3404.47435291,0.813938,362.648,0.7692322731018066,0.0338745,362.666,0.0,272.653667448,2.52715824206,92.7406191342
0.565134452486,7.06753,1.6016721725463867,362.30694246,5,3103.74666963,0.00995005,0.394274671388,-322.893,3602.572278,148.305,-322.845,362.290357115,0.1048130989074707,881,30002.75327396393,35.11159706115723,1173.25,0.565411731196,0.565411731196,1268.92135157,0.813696,362.286,0.7805371284484863,0.048645,362.304,0.0,279.66371318,2.51465361361,917.650722888
0.662134126731,7.06647,1.5774505138397217,362.29956779,5,3560.82263469,0.00651753,0.836959475045,-366.2,3656.45379705,133.672,-366.172,362.283702204,0.10043859481811523,882,30036.358805179596,33.46963405609131,1172.01,0.661540259642,0.661540259642,3456.05804596,0.813589,362.28,0.7464854717254639,0.0284119,362.299,0.0,286.610116756,2.47206680648,76.9881040656
0.735793712616,7.06885,1.5315766334533691,362.270078664,5,3574.32544333,0.0098925,0.917464293631,-366.547,3716.93380246,140.675,-366.516,362.252884527,0.08768105506896973,883,30070.75701022148,34.27822256088257,1174.79,0.737237556715,0.737237556715,3449.07472015,0.813945,362.25,0.6676177978515625,0.0308533,362.27,0.0,270.186364056,2.48470834244,105.258905634
0.753775882117,7.07039,1.6493451595306396,362.266660285,5,3507.2153965,0.00646268,0.889597620771,-364.531,3604.57988296,143.067,-364.506,362.246238688,0.1100618839263916,884,30105.62933087349,34.745140075683594,1176.6,0.754341381286,0.754341381286,3325.83052825,0.814167,362.243,0.8207767009735107,0.0242615,362.265,0.0,270.46046399,2.50417207522,100.700094647
0.728792348747,7.06668,1.5717206001281738,362.342328535,5,3536.99097095,0.00657388,0.877565124624,-365.43,3604.92420076,132.708,-365.398,362.318184182,0.09332108497619629,885,30139.740835905075,33.98770022392273,1172.25,0.72904774986,0.72904774986,3462.03327663,0.813712,362.314,0.7312986850738525,0.0314331,362.34,0.0,263.466393353,2.46319152941,48.2811799223
0.76618967851,7.06585,1.5696113109588623,362.448754538,5,3496.79825619,0.00995669,0.853144527798,-364.73,3653.71813905,145.493,-364.701,362.421239457,0.09461116790771484,886,30173.747392416,33.88703966140747,1171.28,0.767267036448,0.767267036448,3345.5160174,0.813665,362.416,0.7149970531463623,0.0290833,362.447,0.0,243.071390524,2.50784261434,116.422994505
0.732434163497,7.0639,1.5950441360473633,362.568839494,5,3597.01030721,0.00642589,0.914504165587,-367.82,3739.5609698,134.116,-367.794,362.530738757,0.11025309562683105,887,30208.04704976082,34.172548055648804,1169.0,0.733334210895,0.733334210895,3490.47889595,0.813487,362.528,0.7609310150146484,0.0256042,362.568,0.0,266.428223829,2.47101761483,84.4205297604
0.74007879492,7.06309,1.5719668865203857,362.994429142,5,3566.60321939,0.00998028,0.915795703347,-367.421,3640.5415344,134.14,-367.386,362.954903524,0.09784269332885742,888,30242.02003312111,33.83890914916992,1168.05,0.739736056406,0.739736056406,3513.66963036,0.813446,362.951,0.7256977558135986,0.0355835,362.992,0.0,263.293210057,2.43260580664,47.2842900807
0.74093568329,7.06245,1.558105707168579,363.154276842,5,3544.36134998,0.00653714,0.887951617933,-366.962,3636.41480759,130.268,-366.932,363.113862081,0.09270715713500977,889,30276.136648893356,33.99778628349304,1167.3,0.740248822906,0.740248822906,3488.04779321,0.813339,363.109,0.7396872043609619,0.0295105,363.152,0.0,271.094115562,2.44383245292,50.5621055597
0.733361623463,7.06158,1.5144731998443604,363.253691703,5,3476.38189342,0.00995905,0.876066660523,-365.034,3602.45798181,140.184,-365.001,363.210629429,0.09032583236694336,890,30311.008971452713,34.75262951850891,1166.28,0.733885314032,0.733885314032,3340.6425065,0.813231,363.207,0.7044687271118164,0.0325317,363.252,0.0,279.115442819,2.49993641655,86.4012510995
0.745714342361,7.06198,1.4893879890441895,363.249032264,5,3543.77037144,0.00644486,0.923110167799,-366.984,3696.96513592,137.405,-366.961,363.204678672,0.08792543411254883,891,30346.45396924019,35.32167887687683,1166.75,0.746598798574,0.746598798574,3429.09622174,0.813314,363.203,0.6727485656738281,0.0232544,363.249,0.0,291.066881904,2.4737267007,94.7596536191
0.541027099149,7.06082,1.5106174945831299,363.231955131,5,3276.32588492,0.00970087,0.366721119248,-341.502,3559.57421582,139.583,-341.47,363.187100327,0.1019289493560791,892,30380.435928106308,33.86806535720825,1165.41,0.540231829851,0.540231829851,2378.08538446,0.813162,363.182,0.7025213241577148,0.0317688,363.229,0.0,272.584039047,2.49218592929,451.878566875
0.650929532451,7.05869,1.4827699661254883,363.142094916,5,3516.79147191,0.00646905,0.844917157503,-366.113,3575.36179624,135.493,-366.087,363.099506712,0.09212613105773926,893,30415.484409570694,34.929535150527954,1162.92,0.65152572071,0.65152572071,3443.65106507,0.812861,363.096,0.6740736961364746,0.0263062,363.139,0.0,270.54316122,2.47288991923,42.1544197479
0.690635915597,7.05743,1.6090209484100342,363.10725674,5,3572.61491907,0.00990014,0.916011127009,-366.704,3720.80654734,138.868,-366.671,363.066723114,0.1077880859375,894,30452.412754058838,36.80198287963867,1161.46,0.690663689905,0.690663689905,3462.59736028,0.812725,363.062,0.8336448669433594,0.0332336,363.104,0.0,274.510864345,2.47192538313,89.0363683836
0.752569321489,7.05942,1.7312886714935303,363.160237793,5,3464.54126015,0.00646664,0.895445392225,-365.703,3645.52311478,135.599,-365.676,363.119059859,0.11536049842834473,895,30488.267736911774,35.69583582878113,1163.77,0.753452142382,0.753452142382,3286.7059567,0.812985,363.115,0.9325389862060547,0.0265503,363.159,0.0,260.025676332,2.45362954467,115.328410165
0.744614169462,7.05857,1.6775496006011963,363.123596664,5,3522.55596512,0.00957849,0.905555393529,-366.109,3623.54504786,138.72,-366.078,363.083926817,0.11196589469909668,896,30523.025010347366,34.63699793815613,1162.78,0.74474502082,0.74474502082,3426.99761116,0.812961,363.081,0.8728511333465576,0.031311,363.121,0.0,278.668412458,2.4828370445,68.2817142658
0.745473222228,7.05701,1.5736939907073975,363.142117176,5,3594.90534176,0.00668601,0.895608774496,-366.499,3699.60796492,132.999,-366.462,363.103933844,0.09494781494140625,897,30557.02205324173,33.88329076766968,1160.96,0.745545592907,0.745545592907,3531.89865101,0.812796,363.099,0.7358148097991943,0.0366821,363.139,0.0,274.377452756,2.44243615106,68.7670017283
0.709160242127,7.057,1.5740346908569336,362.794477945,5,3573.21189198,0.009355,0.920571930438,-367.277,3680.84022839,153.401,-367.245,362.759643365,0.09914803504943848,898,30592.20097208023,35.0565664768219,1160.96,0.710662212657,0.710662212657,3495.77037668,0.812824,362.755,0.7221279144287109,0.0314941,362.791,0.0,277.50316416,2.51391804423,64.9763226552
0.751374063822,7.0563,1.553767204284668,362.66429907,5,3523.31720015,0.00992265,0.885035701141,-364.885,3589.79033417,149.705,-364.854,362.627099666,0.09618854522705078,899,30627.061436653137,34.7376172542572,1160.15,0.752051169977,0.752051169977,3458.64515331,0.812726,362.624,0.7005066871643066,0.0307617,362.662,0.0,281.930248798,2.47558447126,46.0227114709
0.749691605245,7.05324,1.5805385112762451,362.673139282,5,3572.87258957,0.00654459,0.882833331016,-365.02,3700.05176836,139.333,-364.971,362.634005587,0.09787344932556152,900,30662.115881204605,34.93421816825867,1156.6,0.748564374863,0.748564374863,3405.68302777,0.812365,362.63,0.7391433715820312,0.0486755,362.67,0.0,281.641221794,2.44473303183,107.835550859
0.768281405768,7.05265,1.577453374862671,362.773014864,5,3526.10935454,0.00996948,0.865913338709,-366.051,3690.81199921,136.847,-366.021,362.726475125,0.09816408157348633,901,30696.53740787506,34.29645299911499,1155.92,0.768007464874,0.768007464874,3336.17460313,0.812327,362.724,0.7538936138153076,0.0301514,362.771,0.0,277.091838576,2.42054743201,115.455213904
0.724828898791,7.051,1.5647127628326416,362.801978844,5,3587.70478955,0.00987795,0.897855640957,-365.982,3763.78536185,136.192,-365.956,362.746100094,0.08942866325378418,902,30730.607657432556,33.948981523513794,1154.01,0.724088004887,0.724088004887,3403.1897777,0.812143,362.742,0.6727228164672852,0.0263672,362.799,0.0,272.783106578,2.43045417703,136.518236312
0.763082411463,7.04857,1.5789861679077148,362.914440236,5,3584.64774398,0.00648064,0.919029006032,-367.686,3742.79378898,139.455,-367.661,362.858127402,0.09871721267700195,903,30764.261228322983,33.52784752845764,1151.22,0.763079140884,0.763079140884,3419.56251591,0.811818,362.854,0.7280902862548828,0.0249634,362.911,0.0,270.257459833,2.45382175374,132.634143342
0.738310743354,7.04839,1.555121660232544,363.026090706,5,3568.53323933,0.00643437,0.912770066693,-367.502,3641.56676962,129.858,-367.477,362.970568055,0.0937337875366211,904,30799.24421787262,34.863030433654785,1151.0,0.737999126136,0.737999126136,3463.71433005,0.811864,362.968,0.6870784759521484,0.0250244,363.024,0.0,266.217614017,2.39151765749,66.5194234716
0.745665756225,7.04865,1.6579339504241943,363.099581841,5,3564.81563167,0.00993113,0.902832238179,-366.908,3652.99653201,132.875,-366.881,363.040500658,0.10588908195495605,905,30834.181777238846,34.808603286743164,1151.3,0.745479301376,0.745479301376,3419.28801978,0.811929,363.039,0.8400661945343018,0.0275574,363.099,0.0,267.098580005,2.40766491321,98.7464670473
0.74102529077,7.04859,1.5675327777862549,363.147890607,5,3523.44787149,0.00665292,0.874675258794,-364.49,3688.99419057,139.451,-364.457,363.089486408,0.10423707962036133,906,30869.340017557144,35.03873634338379,1151.24,0.740944559144,0.740944559144,3435.39168822,0.811978,363.085,0.7036364078521729,0.0322876,363.144,0.0,260.471850205,2.44514773334,89.1206388454
0.755771198305,7.04919,1.5660107135772705,363.158934693,5,3537.80435558,0.00643929,0.8924439329,-365.703,3680.47222746,133.813,-365.678,363.101172187,0.09548020362854004,907,30903.537493228912,34.077688217163086,1151.93,0.7572867351,0.7572867351,3406.13053136,0.812073,363.096,0.6876428127288818,0.0254517,363.155,0.0,260.241425558,2.40267187205,98.1319087151
0.590683728343,7.04878,1.6070091724395752,362.670667667,5,3084.97279757,0.00980276,-1.30496360333,-321.523,3689.16727284,144.142,-321.486,362.603672908,0.10780572891235352,908,30938.536551952362,34.87857413291931,1151.45,0.590536071315,0.590536071315,1309.08277945,0.812053,362.6,0.7886543273925781,0.0364685,362.668,0.0,278.363267379,2.47935470211,896.068702753
0.708627426381,7.04931,1.6357383728027344,362.509627059,5,3452.46517232,0.00980707,0.826894255443,-363.762,3539.9856255,135.802,-363.728,362.4407653,0.1051950454711914,909,30973.7791492939,35.11832070350647,1152.06,0.708676902325,0.708676902325,3325.25866405,0.812195,362.44,0.808624267578125,0.0342407,362.509,0.0,268.075887061,2.4273907841,72.0005502818
0.730015518327,7.05024,1.590937614440918,362.491778309,5,3514.04896927,0.00648453,0.92344588517,-364.114,3548.23547221,140.076,-364.083,362.424644414,0.10301876068115234,910,31009.408331632614,35.50371551513672,1153.14,0.730177728928,0.730177728928,3434.9342879,0.812324,362.419,0.7694449424743652,0.0315247,362.488,0.0,288.27449418,2.4315347912,41.2201803807
0.741506697626,7.04945,1.5721449851989746,362.208693773,5,3584.40419002,0.00645374,0.914344226702,-366.484,3709.44907441,137.336,-366.459,362.142086683,0.10286092758178711,911,31044.364738702774,34.83275556564331,1152.22,0.743351336637,0.743351336637,3436.93565255,0.812266,362.138,0.7448453903198242,0.0248108,362.206,0.0,279.593411165,2.41134102697,87.7455693698
0.742139405514,7.04544,1.6604104042053223,362.366038202,5,3622.14732525,0.00967432,0.919561702699,-366.935,3770.42107909,131.543,-366.902,362.301070618,0.11952590942382812,912,31080.69975066185,36.209577798843384,1147.61,0.74347727517,0.74347727517,3474.10245144,0.811817,362.297,0.8245210647583008,0.0327454,362.364,0.0,264.680533261,2.38636063294,97.6819932149
0.755548015564,7.04578,1.576019287109375,362.375550706,5,3516.31259379,0.00642906,0.894286305873,-365.172,3652.72159116,133.102,-365.144,362.307799591,0.10872101783752441,913,31116.736547470093,35.90059423446655,1148.01,0.756824877947,0.756824877947,3376.61271072,0.811935,362.305,0.758328914642334,0.0282593,362.374,0.0,276.367498799,2.38103166253,90.4646407566
0.664655417741,7.04515,1.602224349975586,362.351317171,5,3574.57880905,0.00650254,0.933104572709,-363.482,3647.1515774,135.032,-363.452,362.286643033,0.11863851547241211,914,31152.683297872543,35.81675481796265,1147.28,0.665452695799,0.665452695799,3494.92357942,0.81188,362.283,0.7988314628601074,0.0299377,362.349,0.0,291.020363908,2.40362282638,60.632321941
0.729227515246,7.04359,1.5824165344238281,362.442213526,5,3557.29453388,0.00980681,0.879876186843,-366.417,3788.52345688,130.336,-366.387,362.375490042,0.10560321807861328,915,31187.35721230507,34.54573655128479,1145.49,0.731218028738,0.731218028738,3359.48624987,0.811753,362.373,0.7497484683990479,0.0302734,362.441,0.0,280.524313207,2.38504779572,171.493986991
0.758166739237,7.04385,1.5741605758666992,362.09421079,5,3544.89118713,0.00645612,0.890501227105,-365.052,3666.14704692,152.396,-365.03,362.018971403,0.1052086353302002,916,31222.93717432022,35.45520853996277,1145.78,0.759620052315,0.759620052315,3453.97451218,0.811828,362.014,0.7189395427703857,0.0214539,362.09,0.0,270.01086669,2.51375981691,68.6179985936
0.736478022299,7.04179,1.5730640888214111,362.052984751,5,3507.10526652,0.00983802,0.909212717608,-365.419,3562.35379249,140.337,-365.382,361.983470182,0.10289502143859863,917,31258.214344978333,35.15082287788391,1143.44,0.737092860635,0.737092860635,3429.09488807,0.811553,361.979,0.7141656875610352,0.0369873,362.049,0.0,273.431822099,2.42022386246,61.205017818
0.722545177714,7.04243,1.5555860996246338,361.697807415,5,3582.75035809,0.00948982,0.929387819948,-367.32,3660.6064772,152.442,-367.297,361.618695019,0.10535073280334473,918,31293.068066835403,34.72693061828613,1144.16,0.722943450892,0.722943450892,3456.31842401,0.811681,361.618,0.725435733795166,0.0230713,361.697,0.0,278.741461032,2.48931142382,82.0860245162
0.733798365739,7.04057,1.5902504920959473,361.786738426,5,3596.16782793,0.0097651,0.929220115476,-365.567,3651.56421801,126.806,-365.536,361.701096337,0.11436104774475098,919,31328.54897403717,35.35444092750549,1142.04,0.734459027871,0.734459027871,3552.12471506,0.811468,361.696,0.7630786895751953,0.0315247,361.782,0.0,271.313312837,2.39978281346,33.5755270946
0.735655440979,7.04074,1.6192286014556885,361.963805042,5,3539.79769813,0.00643326,0.888769860554,-365.711,3622.5986662,126.907,-365.686,361.869883981,0.11461496353149414,920,31363.872361898422,35.19622540473938,1142.23,0.737029755891,0.737029755891,3464.98076109,0.811511,361.867,0.7897665500640869,0.0245667,361.962,0.0,275.116417919,2.42710398975,53.3998084133
0.710035783626,7.03913,1.573364496231079,362.003598338,5,3555.0683792,0.00998625,0.915379009553,-365.014,3706.09749666,141.487,-364.984,361.908875782,0.10804009437561035,921,31400.527841567993,36.528767108917236,1140.4,0.7103003061,0.7103003061,3348.01643701,0.811303,361.906,0.7313876152038574,0.0297852,362.001,0.0,272.255963424,2.45502981441,116.260438057
0.74103189607,7.03839,1.597186803817749,362.09034264,5,3508.69094552,0.00977501,0.888803927446,-363.832,3672.9995417,142.26,-363.79,361.999442789,0.10865974426269531,922,31436.482214689255,35.819809913635254,1139.55,0.740136653194,0.740136653194,3424.95487908,0.81122,361.995,0.7989296913146973,0.0414429,362.087,0.0,263.636174555,2.50547382118,88.8170034634
0.712180100806,7.03624,1.7582063674926758,362.078662394,5,3589.4498871,0.00989603,0.910307756414,-365.956,3701.11276244,132.24,-365.902,361.987287162,0.11694073677062988,923,31474.4757540226,37.8354709148407,1137.11,0.713054245659,0.713054245659,3463.52534907,0.810969,361.984,0.9116377830505371,0.0538635,362.076,0.0,272.132003967,2.41804658342,81.3038441007
0.5904423024,7.03545,1.6216113567352295,362.025390193,5,3412.96462751,0.00645608,0.821139381753,-349.405,3609.72606412,147.804,-349.374,361.928291255,0.09886646270751953,924,31512.183081388474,37.580633878707886,1136.21,0.590356033397,0.590356033397,2774.05053892,0.810893,361.925,0.7918891906738281,0.0315552,362.022,0.0,270.540012323,2.47950134089,320.504638084
0.709869633933,7.03478,1.5983214378356934,361.931260276,5,3605.21445039,0.00989037,0.863549434908,-366.227,3696.27336407,141.909,-366.188,361.834066168,0.1048283576965332,925,31548.239117622375,35.927244901657104,1135.45,0.709735115077,0.709735115077,3570.00257837,0.810791,361.83,0.7745819091796875,0.0386963,361.929,0.0,279.392983079,2.45210663456,46.1610989531
0.726433229966,7.03336,1.6993317604064941,361.668383343,5,3532.05347392,0.00997693,0.871367123425,-364.269,3588.51243262,148.603,-364.233,361.557102529,0.12091779708862305,926,31584.62264418602,36.24570870399475,1133.84,0.726788159197,0.726788159197,3458.6719082,0.81062,361.555,0.885551929473877,0.0361633,361.667,0.0,253.587023048,2.49025370348,43.3468228289
0.689584948807,7.033,1.5605547428131104,361.739939814,5,3581.67386566,0.00659625,0.920992830369,-365.71,3687.32087113,131.07,-365.677,361.615006566,0.10125374794006348,927,31620.135280132294,35.38049364089966,1133.43,0.689589937745,0.689589937745,3496.44334996,0.810611,361.61,0.7362544536590576,0.0329285,361.736,0.0,288.967307677,2.41643892851,66.9822193954
0.610612504169,7.03171,1.5395517349243164,361.558427049,5,3527.74428348,0.00982836,0.869110686695,-358.048,3701.79775,132.164,-358.009,361.424221523,0.09319090843200684,928,31654.665355682373,34.4032461643219,1131.97,0.611077251324,0.611077251324,3238.45047178,0.810448,361.423,0.6809184551239014,0.039093,361.557,0.0,278.398901951,2.43151849081,154.907244493
0.754627121655,7.03169,1.5526995658874512,361.809527633,5,3577.46671647,0.00988159,0.87407311474,-364.805,3701.89121494,127.02,-364.773,361.686131369,0.09901189804077148,929,31690.438547611237,35.65288782119751,1131.94,0.754743822994,0.754743822994,3435.71641097,0.81049,361.683,0.7296359539031982,0.0319824,361.807,0.0,286.119354854,2.39888667639,99.2001370353
0.755318279139,7.02985,1.5858938694000244,362.061321914,5,3544.71882878,0.00987421,0.916315582105,-364.775,3742.69025659,141.042,-364.744,361.935425163,0.10698723793029785,930,31726.899230480194,36.32538819313049,1129.87,0.755199829703,0.755199829703,3339.7273136,0.81031,361.932,0.7841541767120361,0.0311279,362.058,0.0,261.619325747,2.48889800063,142.44228651
0.561663527047,7.03018,1.5349440574645996,361.911658863,5,3063.89581814,0.00643798,0.571026492292,-319.455,3591.08551136,141.424,-319.421,361.77002887,0.09825658798217773,931,31762.386920452118,35.362104415893555,1130.23,0.562036379299,0.562036379299,1330.91754618,0.810374,361.764,0.732670783996582,0.033783,361.906,0.0,261.982887933,2.48149388486,869.931719115
0.68683262791,7.03091,1.5713090896606445,361.988972278,5,3513.12967435,0.00993075,0.802745758668,-363.769,3605.48434127,138.103,-363.71,361.847349493,0.10185456275939941,932,31798.096628189087,35.58324837684631,1131.06,0.687208643492,0.687208643492,3347.75237388,0.810505,361.845,0.76568603515625,0.0598755,361.988,0.0,272.75348121,2.47443339304,87.8591965477
0.699066628997,7.03042,1.6173925399780273,362.04588463,5,3566.04911154,0.00647914,0.91060285741,-364.762,3691.87466253,139.599,-364.737,361.899834922,0.10811901092529297,933,31833.43837237358,35.21505117416382,1130.51,0.699654127278,0.699654127278,3440.40379556,0.8105,361.895,0.815504789352417,0.0255432,362.042,0.0,279.342040786,2.45151536028,81.1953154414
0.725486589913,7.02953,1.5647637844085693,362.113687887,5,3511.93794149,0.00971501,0.92407193642,-363.887,3611.14201818,131.053,-363.85,361.958823894,0.09442329406738281,934,31868.874143600464,35.31020665168762,1129.5,0.725173941415,0.725173941415,3402.37086066,0.810399,361.954,0.709998607635498,0.0371704,362.109,0.0,263.221444888,2.3819491317,81.3365907058
0.763928672874,7.02855,1.5936176776885986,361.978214697,5,3536.3307432,0.00646354,0.911746775663,-365.114,3665.23585222,141.539,-365.079,361.800810599,0.09670090675354004,935,31905.691024065018,36.69300580024719,1128.39,0.764859398696,0.764859398696,3446.05411447,0.810285,361.797,0.7174794673919678,0.0350037,361.975,0.0,278.981798769,2.43240728771,73.173628186
0.773206582997,7.02813,1.6151111125946045,361.862029438,5,3543.24110139,0.00644322,0.895277873219,-365.597,3681.5252613,143.529,-365.571,361.685389946,0.1142892837524414,936,31941.77764391899,35.956998348236084,1127.92,0.77266032343,0.77266032343,3351.78278715,0.810245,361.681,0.7980895042419434,0.0262451,361.859,0.0,273.194104509,2.43787827874,113.111222774
0.717932379003,7.02947,1.6415774822235107,361.758621352,5,3604.8250623,0.00654404,0.913665353019,-365.659,3725.55478173,145.749,-365.629,361.569454525,0.1106569766998291,937,31977.35025191307,35.43867230415344,1129.43,0.718227625587,0.718227625587,3501.27561195,0.810444,361.569,0.8235087394714355,0.0301514,361.758,0.0,281.899256234,2.45361888273,77.4427367786
0.741089005013,7.02874,1.5705008506774902,361.747548119,5,3554.04493468,0.00982828,0.897866860347,-363.927,3653.85394064,145.619,-363.893,361.555668987,0.10226964950561523,938,32013.494985342026,36.01904892921448,1128.61,0.739963695938,0.739963695938,3466.99906053,0.810341,361.55,0.7130920886993408,0.0339661,361.743,0.0,276.926858872,2.46789520307,61.851687844
0.719628124858,7.02986,1.5900230407714844,361.559465128,5,3498.96452012,0.00999456,0.911110983492,-364.342,3555.18451674,146.446,-364.312,361.362844239,0.10523343086242676,939,32049.294715166092,35.670323848724365,1129.87,0.719542004624,0.719542004624,3447.76433051,0.810523,361.358,0.7169098854064941,0.0292358,361.556,0.0,257.637258138,2.47581797679,43.2498214166
0.741843223148,7.0299,1.7284343242645264,361.68529355,5,3526.14190596,0.0064468,0.915798048167,-364.605,3598.10662137,136.823,-364.58,361.480772781,0.11775970458984375,940,32085.473700284958,36.04686951637268,1129.92,0.741757832423,0.741757832423,3406.36482476,0.810569,361.478,0.8870580196380615,0.0248413,361.683,0.0,270.421124883,2.41131887792,73.0755015928
0.729080463297,7.02923,1.552309513092041,361.374335936,5,3576.67057217,0.00642339,0.913466903663,-366.089,3645.28503064,134.189,-366.064,361.143805972,0.09279942512512207,941,32119.853886842728,34.25300478935242,1129.16,0.728501654232,0.728501654232,3463.99039268,0.810418,361.14,0.6915810108184814,0.0252075,361.371,0.0,274.850034077,2.41013201237,63.7050753103
0.717142123148,7.02781,1.586296796798706,361.534078232,5,3618.15758918,0.00647229,0.907668353088,-366.627,3738.83810533,131.152,-366.604,361.306006841,0.09957575798034668,942,32154.89659166336,34.91288614273071,1127.56,0.719259239429,0.719259239429,3432.69962012,0.810228,361.303,0.7261102199554443,0.0223694,361.532,0.0,281.527269814,2.38410050429,101.518199579
0.761397029362,7.02671,1.6332917213439941,361.704933664,5,3531.86004209,0.00991161,0.895921251063,-365.02,3628.68225898,140.024,-364.989,361.481250355,0.10782933235168457,943,32191.70310664177,36.67151379585266,1126.32,0.760982478138,0.760982478138,3372.22627694,0.810149,361.477,0.81587815284729,0.0302734,361.702,0.0,257.331275679,2.40091169408,87.201454801
0.729552744222,7.02484,1.637840747833252,361.653169778,5,3497.5459815,0.00986745,0.924440011547,-364.387,3532.05804838,136.657,-364.363,361.428343523,0.11153626441955566,944,32227.430025815964,35.60020208358765,1124.22,0.730178054857,0.730178054857,3452.54439901,0.809894,361.425,0.8075768947601318,0.0238647,361.651,0.0,264.513571234,2.39577886546,25.8171691366
0.72800826099,7.0239,1.5738639831542969,361.354313433,5,3554.29289782,0.00952912,0.928503243781,-366.298,3605.20998818,142.381,-366.26,361.12033164,0.09875130653381348,945,32263.24262690544,35.68030047416687,1123.16,0.729366637429,0.729366637429,3483.52550569,0.809793,361.116,0.7069425582885742,0.0379639,361.351,0.0,270.80793797,2.41551959472,43.053612614
0.749102350594,7.02285,1.6326637268066406,361.227930979,5,3501.8401725,0.00995885,0.929461457606,-362.88,3569.67974841,138.851,-362.843,360.98223905,0.11170601844787598,946,32299.85720705986,36.48138427734375,1121.98,0.750683241732,0.750683241732,3410.80670261,0.809658,360.978,0.7992517948150635,0.0375061,361.224,0.0,275.942567666,2.39733290339,59.2282124722
0.496848606491,7.02259,1.5972859859466553,361.034364399,5,3320.51972172,0.00998214,0.80866688808,-340.17,3751.49470357,138.48,-340.128,360.765985802,0.10347318649291992,947,32335.545808553696,35.558547258377075,1121.69,0.49812195491,0.49812195491,2220.21658171,0.809686,360.764,0.7555105686187744,0.0410767,361.032,0.0,284.171720941,2.39691805699,556.788817005
0.700035444817,7.02196,1.7150993347167969,361.144890071,5,3559.90448608,0.00999617,0.806318344861,-363.099,3738.64104132,138.371,-363.065,360.885401466,0.11596989631652832,948,32372.873102664948,37.18919110298157,1120.98,0.699893316822,0.699893316822,3477.15683325,0.809615,360.88,0.8815054893493652,0.0343018,361.14,0.0,273.786160048,2.41164274892,95.627343043
0.748323091332,7.01971,1.6701569557189941,361.157515084,5,3544.71532661,0.00990332,0.879424254422,-366.363,3668.34267762,132.135,-366.326,360.891402944,0.10854029655456543,949,32408.458837985992,35.456116914749146,1118.46,0.747369912535,0.747369912535,3432.06324673,0.809364,360.888,0.8243153095245361,0.0375977,361.154,0.0,257.335942481,2.36880641249,90.3281742328
0.739531797842,7.0206,1.5873918533325195,361.382155569,5,3538.24475881,0.00648329,0.903846194521,-364.872,3624.1895095,123.758,-364.845,361.111314387,0.10098004341125488,950,32444.90251636505,36.32236433029175,1119.46,0.739389412114,0.739389412114,3358.76709362,0.809529,361.109,0.7277426719665527,0.0272217,361.38,0.0,270.900746445,2.32699463289,96.8927099185
0.754143584292,7.02043,1.7504267692565918,361.476800587,5,3580.93754216,0.0064032,0.91011649437,-364.528,3788.71684515,130.849,-364.5,361.190599072,0.12015843391418457,951,32483.272315502167,38.22861456871033,1119.27,0.754752065043,0.754752065043,3452.93459472,0.809569,361.186,0.8878357410430908,0.0278931,361.472,0.0,269.738832481,2.39286599508,118.832994807
0.752507649635,7.02049,1.7092175483703613,361.471521994,5,3545.0836152,0.00997688,0.922308579019,-365.071,3661.64052311,142.157,-365.042,361.18686882,0.1192328929901123,952,32522.069149017334,38.65429902076721,1119.33,0.752159522427,0.752159522427,3442.81728307,0.809592,361.184,0.8898763656616211,0.0289917,361.469,0.0,263.499250984,2.44067966814,84.3014276114
0.738294222296,7.01854,1.6698379516601562,361.553989139,5,3568.69381378,0.00999529,0.93135596877,-365.221,3650.40165937,139.009,-365.193,361.261859902,0.11003541946411133,953,32558.952531337738,36.745243310928345,1117.16,0.738404798477,0.738404798477,3480.92653135,0.809364,361.259,0.8287594318389893,0.0273743,361.551,0.0,277.654172873,2.42685793695,66.1029051123
0.745720591263,7.01519,1.709500789642334,361.731668109,5,3523.88090731,0.00979209,0.930790103416,-364.908,3615.93767616,126.342,-364.878,361.433051171,0.11516690254211426,954,32596.05242419243,36.96127700805664,1113.42,0.746283049223,0.746283049223,3454.79319673,0.809022,361.428,0.8709077835083008,0.0300598,361.728,0.0,267.59347982,2.36204398327,59.8717558354
0.748427524039,7.01534,1.6731348037719727,361.830149607,5,3519.46291245,0.0064196,0.897527930023,-364.6,3724.14419474,129.597,-364.574,361.525023643,0.10729575157165527,955,32632.787032842636,36.59639549255371,1113.58,0.74899828416,0.74899828416,3365.086806,0.809137,361.522,0.8448760509490967,0.0259399,361.827,0.0,271.267742064,2.35261458756,137.094141003
0.57966776984,7.01491,1.526977777481079,361.629809291,5,2785.96751281,0.00641797,0.781459430952,-298.609,3562.89190857,144.759,-298.582,361.290103355,0.0866391658782959,956,32668.84763455391,35.93148326873779,1113.1,0.579799655551,0.579799655551,150.731341665,0.809177,361.287,0.6536645889282227,0.026123,361.627,0.0,258.378041938,2.43562687007,1319.74241796
0.693130513574,7.01296,1.6267621517181396,361.610598217,5,3585.72513885,0.00994531,0.777472945254,-365.499,3707.35282843,124.475,-365.461,361.248569197,0.10784006118774414,957,32706.059450864792,37.07927227020264,1110.94,0.693602979711,0.693602979711,3449.44182809,0.808966,361.244,0.8244001865386963,0.0377502,361.605,0.0,249.695355557,2.34245923943,103.053713814
0.753055460232,7.01248,1.610950231552124,361.762658408,5,3562.14787308,0.00994031,0.921910205526,-366.568,3746.27537414,142.072,-366.537,361.390600566,0.10469818115234375,958,32743.370639562607,37.18232750892639,1110.4,0.753085174743,0.753085174743,3463.68075413,0.808928,361.387,0.8157923221588135,0.0308533,361.759,0.0,278.428827991,2.41838877611,97.2030118613
0.755387580203,7.00889,1.6116838455200195,361.744368743,5,3517.37822774,0.00983354,0.919918726687,-364.733,3656.62670594,121.539,-364.704,361.358236014,0.10550189018249512,959,32779.28554224968,35.78757095336914,1106.42,0.755308275565,0.755308275565,3415.30874727,0.808526,361.355,0.8339331150054932,0.0292053,361.742,0.0,267.767178729,2.28604636808,86.9954007161
0.736775589448,7.00897,1.5907540321350098,361.908539057,5,3566.09370302,0.00980892,0.927204804478,-366.455,3632.03890332,135.97,-366.427,361.530169999,0.10372304916381836,960,32814.757488012314,35.33972430229187,1106.52,0.737635776626,0.737635776626,3493.28981612,0.808567,361.527,0.8133771419525146,0.0281982,361.905,0.0,264.479385369,2.367256509,45.396130492
0.736724614557,7.00679,1.578322410583496,362.239292624,5,3526.99533411,0.00958746,0.912635101962,-365.475,3597.19359032,139.824,-365.444,361.885918947,0.10550951957702637,961,32851.10585141182,36.21798229217529,1104.11,0.737839878518,0.737839878518,3369.70023501,0.808348,361.882,0.8053247928619385,0.0302429,362.236,0.0,267.279286677,2.37490409758,81.355807069
0.74270670702,7.00467,1.5826184749603271,361.962729866,5,3611.30063597,0.00645482,0.902252700738,-367.116,3691.85387732,140.951,-367.086,361.595660001,0.11530804634094238,962,32887.056512355804,35.82084345817566,1101.77,0.742484263784,0.742484263784,3553.64439541,0.808067,361.592,0.8338587284088135,0.030304,361.959,0.0,284.269318601,2.39388087868,51.3322231944
0.736363206888,7.00473,1.5994210243225098,361.921344568,5,3594.17895941,0.00989478,0.920578296226,-366.492,3655.22170967,127.349,-366.457,361.522787577,0.10727405548095703,963,32924.998635053635,37.79380536079407,1101.84,0.738530830394,0.738530830394,3514.71095981,0.808104,361.52,0.84964919090271,0.0353394,361.918,0.0,270.057381219,2.29825424068,54.8720522932
0.735957167788,7.00198,1.6508867740631104,362.107963909,5,3552.27872741,0.00997388,0.914817757474,-363.913,3679.31573609,138.524,-363.884,361.724138394,0.10941791534423828,964,32960.88642668724,35.751614570617676,1098.81,0.736351397307,0.736351397307,3417.82632603,0.80778,361.719,0.8783392906188965,0.0293274,362.104,0.0,284.97751166,2.38934025873,91.9505302862
0.731045028652,7.00228,1.5486576557159424,362.23631941,5,3632.56677756,0.00991225,0.924428868126,-367.887,3681.3985789,118.974,-367.851,361.835077367,0.10789036750793457,965,32996.82300543785,35.818429946899414,1099.14,0.731958222569,0.731958222569,3562.36594813,0.807833,361.833,0.764190673828125,0.0355225,362.235,0.0,279.333837094,2.25980923794,49.9173611883
0.742841544494,7.00137,1.6737658977508545,362.523668985,5,3522.14371054,0.00658538,0.883233779772,-364.164,3639.68135917,136.734,-364.127,362.134694664,0.11462736129760742,966,33033.93137860298,36.95209336280823,1098.14,0.742069159938,0.742069159938,3379.84406827,0.807733,362.131,0.9334874153137207,0.0367126,362.52,0.0,269.906851613,2.36442099407,90.3307432938
0.737178485271,7.00007,1.6504039764404297,362.465849273,5,3555.77389757,0.00973953,0.890901277085,-366.54,3634.68055866,137.124,-366.508,362.067371201,0.1329813003540039,967,33069.87920546532,35.79401183128357,1096.71,0.737038283849,0.737038283849,3481.07458982,0.807587,362.064,0.9018974304199219,0.0324402,362.463,0.0,262.915017857,2.37639198417,54.2630393452
0.748470344539,6.9984,1.7081079483032227,362.387657915,5,3615.91392434,0.00640539,0.898308658072,-367.628,3766.7388391,141.245,-367.598,361.97318081,0.11736726760864258,968,33106.466661930084,36.45368814468384,1094.88,0.746930506946,0.746930506946,3467.8268657,0.80737,361.969,0.9194071292877197,0.0297241,362.384,0.0,271.625028929,2.40041191666,98.5510311501
0.760962934168,6.99794,1.63356351852417,362.281132971,5,3564.35630731,0.00997418,0.907940915226,-366.523,3628.14574772,142.142,-366.484,361.864187303,0.1049954891204834,969,33142.68635582924,36.09396195411682,1094.38,0.761920301107,0.761920301107,3479.51217942,0.80738,361.861,0.8300094604492188,0.0392761,362.279,0.0,280.369937058,2.44100516528,59.8468852053
0.736287430848,6.99888,1.5850191116333008,362.432248134,5,3480.47156455,0.00995096,0.903331018805,-364.863,3591.35549083,139.926,-364.83,362.023248491,0.10118627548217773,970,33179.279663324356,36.470319509506226,1095.41,0.735834946446,0.735834946446,3404.84169709,0.807557,362.02,0.762951135635376,0.0333557,362.43,0.0,258.191924846,2.39650982658,64.7966668279
0.7591705885,6.99944,1.721177339553833,362.374623344,5,3643.21560677,0.00659709,0.901351312861,-368.336,3788.22171886,134.663,-368.306,361.95343817,0.12345767021179199,971,33215.767377614975,36.35474729537964,1096.02,0.758986858863,0.758986858863,3549.81648702,0.807691,361.95,0.9100470542907715,0.0301208,362.371,0.0,278.818072523,2.34814058202,79.7141245007
0.743561251741,6.99808,1.5546314716339111,362.229098097,5,3600.39156707,0.00987461,0.925437484004,-366.993,3748.04924287,142.422,-366.957,361.814042591,0.09163403511047363,972,33251.63569974899,35.741652488708496,1094.53,0.742506134136,0.742506134136,3507.47188924,0.807539,361.812,0.6906256675720215,0.0361023,362.227,0.0,277.037883134,2.35611113207,82.7939416345
0.769975770006,6.99819,1.569880485534668,362.020666695,5,3627.73551686,0.00975568,0.879982863697,-366.122,3735.49737139,132.432,-366.089,361.58229731,0.09448862075805664,973,33286.88914465904,35.129371881484985,1094.65,0.768011942318,0.768011942318,3544.05685782,0.807618,361.578,0.6949417591094971,0.0326843,362.017,0.0,270.716342536,2.31900263827,83.8465202465
0.759384013032,6.996,1.6659185886383057,362.071811998,5,3600.84405489,0.00997004,0.929703506504,-367.024,3662.98931212,143.157,-366.986,361.622705888,0.1090540885925293,974,33322.52665376663,35.50843381881714,1092.25,0.758930355294,0.758930355294,3538.00710358,0.807375,361.62,0.8421692848205566,0.0372314,362.068,0.0,282.193306926,2.36777753578,39.5918643394
0.726667109059,6.99455,1.5884790420532227,362.039412498,5,3635.45118385,0.00658067,0.916364096401,-367.133,3655.3679498,123.233,-367.104,361.568744685,0.09752964973449707,975,33358.34050440788,35.68695330619812,1090.68,0.726539693344,0.726539693344,3601.36207762,0.807203,361.565,0.7519879341125488,0.0286865,362.037,0.0,277.947904733,2.31873983485,18.191806564
0.722460537512,6.99337,1.6201937198638916,362.268879305,5,3531.68368796,0.00647229,0.883588847958,-365.468,3620.63744178,133.497,-365.439,361.814118252,0.10281181335449219,976,33393.10892915726,34.61936593055725,1089.39,0.72313477416,0.72313477416,3343.66632341,0.807092,361.809,0.7739548683166504,0.0292358,362.264,0.0,269.161119253,2.36458502538,102.32068061
0.718711412289,6.99195,1.60652756690979,362.287967664,5,3563.96675665,0.00993981,0.940039750108,-366.248,3631.063298,133.725,-366.207,361.849594364,0.10091853141784668,977,33430.33929514885,37.088321685791016,1087.85,0.718512502137,0.718512502137,3499.53425596,0.806929,361.847,0.7513618469238281,0.0417175,362.285,0.0,280.526167455,2.31407430838,50.3342159705
0.741729773552,6.99147,1.7078938484191895,362.528768171,5,3603.4084697,0.00994928,0.911506474398,-366.591,3653.38829957,135.053,-366.561,362.108905232,0.11679363250732422,978,33468.18196558952,37.68793773651123,1087.32,0.742024045632,0.742024045632,3507.97315708,0.806895,362.105,0.8696630001068115,0.0294495,362.526,0.0,275.674491033,2.31974847266,51.6331479961
0.736666458499,6.99038,1.8190131187438965,362.410389825,5,3669.7871751,0.00983331,0.942160543575,-368.818,3889.47188777,149.593,-368.792,361.97931254,0.12330508232116699,979,33505.94160485268,37.608195543289185,1086.13,0.737895474956,0.737895474956,3551.51156795,0.806727,361.976,0.9462218284606934,0.0267639,362.408,0.0,282.493813598,2.37172874961,115.033331788
0.76170789568,6.98735,1.7422335147857666,362.257806026,5,3645.04883169,0.00647436,0.902419710476,-366.97,3730.39070769,149.786,-366.943,361.825081683,0.11680984497070312,980,33543.17653512955,37.10401654243469,1082.85,0.760800662077,0.760800662077,3571.85546868,0.806361,361.822,0.8682620525360107,0.0267334,362.254,0.0,284.244486078,2.39234517238,54.8468926549
0.750894169617,6.98778,1.5567941665649414,362.182299791,5,3627.31124935,0.00955127,0.881831596494,-367.59,3736.28685364,137.912,-367.557,361.759134346,0.0974118709564209,981,33578.12592458725,34.82050848007202,1083.32,0.750868020217,0.750868020217,3468.71213058,0.806457,361.755,0.6770415306091309,0.0336914,362.179,0.0,279.76954626,2.34051413427,100.089282719
0.731647796902,6.98682,1.57304048538208,362.085035439,5,3612.74690814,0.00984496,0.895735212151,-366.15,3693.3410112,144.295,-366.119,361.637037751,0.0961759090423584,982,33611.42354130745,33.16814827919006,1082.28,0.731814886063,0.731814886063,3526.02461166,0.806364,361.634,0.6818153858184814,0.0313721,362.082,0.0,272.905288237,2.35028177872,58.6241863609
0.72754124267,6.98492,1.5388810634613037,362.081356948,5,3610.39967057,0.00995575,0.924848770312,-365.655,3716.03952069,142.494,-365.622,361.634171293,0.08841133117675781,983,33644.229540109634,32.68624138832092,1080.23,0.727511950421,0.727511950421,3530.1686924,0.80614,361.63,0.6382272243499756,0.0332031,362.077,0.0,272.298092426,2.34967524508,69.7494312781
0.735808330758,6.98624,1.5593657493591309,362.154345191,5,3573.67149339,0.00649163,0.890125557293,-365.171,3654.37061417,129.582,-365.141,361.698394717,0.0929861068725586,984,33677.21763467789,32.86370253562927,1081.64,0.736436092878,0.736436092878,3479.02389741,0.806315,361.697,0.6466493606567383,0.0298157,362.153,0.0,275.572092142,2.27630154494,67.6913529036
0.74317007604,6.98664,1.550297737121582,362.350534458,5,3574.25264111,0.00996029,0.907582979171,-365.397,3698.41940253,122.91,-365.361,361.880737281,0.08825469017028809,985,33710.544080257416,33.1990692615509,1082.08,0.744988388201,0.744988388201,3497.44293068,0.806394,361.878,0.6330642700195312,0.0357971,362.348,0.0,287.359040954,2.23097580201,73.6276555769
0.750454864268,6.9863,1.541764259338379,362.409472717,5,3531.04481466,0.00645523,0.901801827538,-363.931,3673.70542111,141.62,-363.904,361.960663633,0.08527469635009766,986,33744.45476770401,33.78598427772522,1081.72,0.750780224908,0.750780224908,3405.82167599,0.806382,361.956,0.6323032379150391,0.0262146,362.405,0.0,275.507990053,2.33721034907,85.4705217895
0.72633677136,6.9844,1.5579266548156738,362.356386481,5,3585.17521451,0.0064041,0.878618000781,-366.611,3685.20392728,142.445,-366.583,361.901488773,0.09372615814208984,987,33777.58258700371,33.00387978553772,1079.66,0.725732417519,0.725732417519,3275.60805845,0.806145,361.898,0.6402394771575928,0.0284424,362.354,0.0,276.025780108,2.38044284878,155.406523849
0.758712962467,6.98365,1.5669033527374268,362.87546322,5,3504.39181272,0.00642134,0.881632709807,-365.113,3675.19180645,120.501,-365.081,362.451387613,0.0971066951751709,988,33810.79862523079,33.092686891555786,1078.85,0.757819685548,0.757819685548,3407.38626882,0.806066,362.45,0.6867725849151611,0.0316772,362.875,0.0,267.259088936,2.28919393995,90.8137582764
0.710952790413,6.98251,1.562492847442627,363.15960646,5,3533.19577334,0.0065389,0.857179751133,-366.013,3615.86198705,138.393,-365.99,362.7402805,0.0921633243560791,989,33844.0750977993,33.15265345573425,1077.62,0.711405059262,0.711405059262,3471.65335623,0.805982,362.736,0.670769214630127,0.0230103,363.156,0.0,249.007116607,2.35851959716,46.7617413897
0.723925928226,6.98172,1.5397706031799316,363.163264416,5,3566.58350585,0.00646884,0.862750875627,-366.523,3706.82373004,137.383,-366.495,362.736974679,0.08899044990539551,990,33877.32474040985,33.124425172805786,1076.77,0.72430067589,0.72430067589,3357.16182009,0.805889,362.735,0.6319677829742432,0.0274658,363.162,0.0,258.439614152,2.33519213374,129.657010217
0.728594129977,6.98054,1.5481863021850586,363.192458291,5,3584.68510346,0.00984661,0.909065664501,-365.237,3737.28141186,132.839,-365.209,362.768885392,0.08820223808288574,991,33910.439537763596,32.99353361129761,1075.5,0.728729007017,0.728729007017,3368.74424859,0.805746,362.764,0.6433358192443848,0.02771,363.187,0.0,277.867401877,2.33034076209,128.957586182
0.749827639558,6.9802,1.5428142547607422,363.392684647,5,3586.08984555,0.00962238,0.919574356696,-366.367,3692.40885276,130.108,-366.336,362.998376035,0.08505511283874512,992,33943.88127541542,33.31484913825989,1075.13,0.74974160438,0.74974160438,3498.33495258,0.805755,362.996,0.62514328956604,0.030365,363.391,0.0,273.62696261,2.32147405633,68.3827725236
0.752748564719,6.98033,1.5528185367584229,363.422506305,5,3568.08675141,0.00655228,0.906939308636,-366.177,3617.64828405,146.977,-366.157,363.024277044,0.0951848030090332,993,33977.05683302879,33.05574607849121,1075.28,0.752455239164,0.752455239164,3424.78474115,0.805789,363.021,0.6709060668945312,0.0198669,363.42,0.0,270.835766371,2.39958694756,72.0533260159
0.750633032748,6.97918,1.5410001277923584,363.486026029,5,3557.02136372,0.00991232,0.923924401492,-366.892,3636.38942764,131.951,-366.847,363.059504835,0.08660364151000977,994,34009.92932534218,32.75106430053711,1074.04,0.748705788445,0.748705788445,3421.71444142,0.805674,363.056,0.6202855110168457,0.0451965,363.482,0.0,285.066766044,2.33953547091,82.0951400828
0.55274253154,6.97809,1.542381763458252,363.399242935,5,3188.73467759,0.00986235,0.689316614342,-324.584,3752.11984783,131.881,-324.517,362.940575488,0.09108400344848633,995,34042.841218948364,32.78602337837219,1072.87,0.552832961783,0.552832961783,1404.48435047,0.805571,362.939,0.63169264793396,0.0670471,363.399,0.0,278.718813071,2.33850068226,894.245578518
0.686639195409,6.97888,1.5408482551574707,363.382424152,5,3593.99738459,0.00980863,0.784841481633,-364.857,3711.4211551,153.966,-364.814,362.923368573,0.09605574607849121,996,34076.26722931862,33.301499366760254,1073.72,0.686340490151,0.686340490151,3415.71993097,0.805695,362.92,0.6353921890258789,0.0427856,363.38,0.0,271.046248871,2.44769265584,99.9026411817
0.747777686796,6.97802,1.564953327178955,363.308663093,5,3599.64086677,0.00648529,0.884548968435,-366.93,3691.9134349,140.881,-366.905,362.8424076,0.09161567687988281,997,34109.8839097023,33.495776414871216,1072.79,0.747720594135,0.747720594135,3482.96731956,0.805593,362.837,0.6575441360473633,0.0247803,363.304,0.0,273.455408551,2.39652536521,70.7505533171
0.738569033752,6.97586,1.5511445999145508,363.567568927,5,3651.57377013,0.00999391,0.904220984227,-367.478,3730.27459581,120.368,-367.448,363.110213919,0.08993983268737793,998,34143.457874536514,33.44816827774048,1070.48,0.737872672917,0.737872672917,3586.1676241,0.805399,363.108,0.6522879600524902,0.030365,363.565,0.0,285.756005439,2.27692465454,57.0944022012
0.715620889568,6.97678,1.5858879089355469,363.710543496,5,3631.28074917,0.00988103,0.910981846543,-368.078,3686.45005854,146.518,-368.046,363.257368895,0.09922671318054199,999,34177.077015161514,33.49341654777527,1071.46,0.716057308644,0.716057308644,3521.64385474,0.805597,363.254,0.7173843383789062,0.032196,363.708,0.0,270.603318406,2.39646545187,59.0845431269
0.762345400945,6.97733,1.5607082843780518,363.645853478,5,3615.57577649,0.00640374,0.891656819808,-367.712,3684.66863002,138.123,-367.685,363.175124212,0.0929875373840332,1000,34211.172580718994,33.96907019615173,1072.05,0.762469788731,0.762469788731,3556.25737447,0.805672,363.172,0.6731836795806885,0.0261841,363.643,0.0,276.592949875,2.38005010082,44.932867942
0.724245277784,6.97648,1.5657846927642822,363.747673804,5,3609.43854492,0.00985901,0.912037202268,-366.665,3769.48928378,136.134,-366.63,363.269200221,0.09192657470703125,1001,34245.24308180809,33.94986605644226,1071.14,0.726658159423,0.726658159423,3365.92902974,0.805628,363.264,0.6694538593292236,0.0354614,363.743,0.0,279.321598809,2.36412498361,137.940675173
0.540266248641,6.97627,1.5507948398590088,363.67876715,5,3268.97961863,0.00989092,0.630561160157,-337.004,3651.76775113,142.897,-336.963,363.163753813,0.08877182006835938,1002,34278.64603686333,33.2770631313324,1070.92,0.539313246667,0.539313246667,2123.71240871,0.80568,363.162,0.6320440769195557,0.0405884,363.677,0.0,280.726394399,2.40483102716,577.368596771
0.685259591017,6.97847,1.5584747791290283,363.778410538,5,3622.07937547,0.00646089,0.834961649153,-368.514,3650.91510073,145.196,-368.483,363.262380477,0.09269571304321289,1003,34312.45752596855,33.68018841743469,1073.28,0.685527630461,0.685527630461,3591.34130803,0.805934,363.259,0.6755821704864502,0.0310974,363.775,0.0,270.495331634,2.40259721026,24.6119704897
0.754278598949,6.97813,1.5542879104614258,363.914366774,5,3544.29290865,0.00957858,0.909689438138,-367.051,3628.02870798,139.613,-367.014,363.412071996,0.08506536483764648,1004,34346.529910326004,33.94628977775574,1072.91,0.755764795716,0.755764795716,3462.66482326,0.805909,363.408,0.6327993869781494,0.0362244,363.911,0.0,275.785822878,2.39437945875,55.0734734254
0.74260274009,6.98003,1.5685160160064697,363.993021902,5,3541.92957514,0.00640973,0.917561917808,-366.801,3613.09530548,150.513,-366.775,363.495625853,0.09206414222717285,1005,34380.76504659653,34.111358642578125,1074.95,0.744219575108,0.744219575108,3421.69183644,0.806204,363.491,0.6813499927520752,0.0259705,363.99,0.0,265.424863969,2.45087085925,64.8721395725
0.728635556703,6.97802,1.6037328243255615,364.083160264,5,3581.50686819,0.00644205,0.92199528518,-366.954,3660.77363389,131.325,-366.927,363.572821644,0.10090231895446777,1006,34414.747329473495,33.85394597053528,1072.79,0.729406182518,0.729406182518,3505.47856638,0.805957,363.57,0.7418129444122314,0.026825,364.08,0.0,273.081411643,2.31659316368,64.1373379757
0.713427640622,6.97822,1.5593302249908447,364.245857402,5,3596.15880039,0.00641977,0.940714080385,-368.016,3765.36179244,126.81,-367.99,363.72289376,0.09595775604248047,1007,34449.50431418419,34.630350828170776,1073.01,0.71391620748,0.71391620748,3507.44098657,0.806051,363.721,0.6761195659637451,0.0253906,364.244,0.0,279.502175678,2.30124071851,88.6302283855
0.775620865372,6.97752,1.5871233940124512,364.014261346,5,3583.26907358,0.00652942,0.91771217805,-367.264,3686.67565627,148.09,-367.237,363.488645391,0.09824085235595703,1008,34484.25468111038,34.628233671188354,1072.26,0.775369613347,0.775369613347,3487.83034205,0.805992,363.484,0.7428886890411377,0.0267029,364.01,0.0,268.799605046,2.41350628733,63.8345500867
0.732385066307,6.97607,1.618816614151001,364.02372267,5,3577.25628801,0.00994027,0.926474587518,-367.873,3652.85876957,151.801,-367.842,363.506026466,0.10604572296142578,1009,34518.60666322708,34.22521257400513,1070.7,0.732980123994,0.732980123994,3422.76348409,0.805857,363.502,0.7994351387023926,0.0307922,364.019,0.0,262.427035822,2.40205260382,79.6892963422
0.730009770566,6.97351,1.5647196769714355,364.152509028,5,3611.88917487,0.0099957,0.902770618627,-367.757,3779.96805651,122.345,-367.726,363.635342107,0.09213638305664062,1010,34553.391620874405,34.65624213218689,1067.97,0.729983324702,0.729983324702,3453.69931058,0.805638,363.634,0.6928625106811523,0.0311584,364.151,0.0,274.326104336,2.27788482619,104.739877024
0.728589091738,6.97343,1.60032320022583,364.345239675,5,3553.62843882,0.00648192,0.930830437722,-366.975,3627.15860555,136.987,-366.954,363.82563233,0.10239171981811523,1011,34587.853410959244,34.33357000350952,1067.88,0.729132191895,0.729132191895,3471.76488361,0.805704,363.822,0.7602555751800537,0.0209351,364.341,0.0,259.8832529,2.35576316516,53.3054295884
0.720687129029,6.97176,1.6028826236724854,364.552690768,5,3543.16365548,0.00984012,0.861577668994,-367.167,3728.65311724,125.849,-367.134,364.032790935,0.09860754013061523,1012,34622.39607548714,34.41199827194214,1066.1,0.721153091818,0.721153091818,3451.36844208,0.805513,364.03,0.7502391338348389,0.0325928,364.549,0.0,252.117028156,2.33129366757,100.347769807
0.546700588637,6.97081,1.6193578243255615,364.661543751,5,3110.06990199,0.00645513,0.53833783988,-317.508,3692.23707167,133.183,-317.478,364.127367766,0.1006019115447998,1013,34656.90277981758,34.38022327423096,1065.08,0.546872579332,0.546872579332,1056.06702078,0.805443,364.123,0.7270677089691162,0.0293884,364.658,0.0,272.880492633,2.38520458738,1027.81842218
0.703584889476,6.97029,1.5994627475738525,364.680739386,5,3598.92959512,0.00990124,0.824384190474,-368.906,3653.97440138,136.9,-368.878,364.122685757,0.10047101974487305,1014,34691.523577690125,34.49795722961426,1064.53,0.704709420463,0.704709420463,3497.54984018,0.805359,364.119,0.7109651565551758,0.027771,364.678,0.0,274.900145115,2.39215347896,57.0595423194
0.750921761383,6.9695,1.59389328956604,364.766150026,5,3532.38337777,0.00971359,0.924463369438,-367.439,3586.43773605,147.479,-367.409,364.203591826,0.09902739524841309,1015,34726.66245508194,35.01303672790527,1063.7,0.752426188453,0.752426188453,3480.03435167,0.805319,364.199,0.7183961868286133,0.0305786,364.762,0.0,272.002281549,2.43854703842,42.9913121006
0.756916252189,6.96778,1.6121342182159424,365.054235711,5,3566.12636848,0.0099997,0.884646881907,-368.234,3695.59091306,129.001,-368.201,364.502152586,0.10349488258361816,1016,34761.246653318405,34.45412302017212,1061.86,0.75855324752,0.75855324752,3481.72332024,0.805134,364.499,0.7331593036651611,0.0324402,365.051,0.0,285.919841255,2.33451754971,78.3576094745
0.768153910276,6.96658,1.5885813236236572,365.267492094,5,3592.78085665,0.00977089,0.908155285274,-369.495,3702.39058653,137.114,-369.461,364.743763485,0.09991335868835449,1017,34796.21869683266,34.84476709365845,1060.59,0.767043151202,0.767043151202,3486.51138176,0.80499,364.74,0.6990623474121094,0.0333252,365.265,0.0,268.715795535,2.39070748857,85.9353278447
0.752534113696,6.96611,1.5883827209472656,365.249348631,5,3616.03298277,0.00651529,0.900492919121,-368.811,3737.19355739,141.827,-368.79,364.710830354,0.10091304779052734,1018,34831.42045664787,35.07287263870239,1060.1,0.7511877892,0.7511877892,3468.89917531,0.804957,364.707,0.7368965148925781,0.0212708,365.246,0.0,260.163642351,2.35869805329,105.272739269
0.730338513577,6.96642,1.5930418968200684,365.044171208,5,3557.61682106,0.00652535,0.906151646176,-367.373,3696.34847071,136.589,-367.348,364.462795405,0.10126328468322754,1019,34866.2958548069,34.748669147491455,1060.42,0.731794660992,0.731794660992,3474.05853167,0.805061,364.459,0.7349667549133301,0.025238,365.041,0.0,269.4745653,2.35492475682,77.0561010094
0.751597746129,6.96544,1.5921156406402588,365.117348835,5,3614.77709749,0.00644294,0.879273130764,-370.05,3754.25804379,147.459,-370.026,364.547650346,0.09934782981872559,1020,34900.83036565781,34.401259660720825,1059.38,0.752240418606,0.752240418606,3489.92001233,0.804982,364.545,0.7400045394897461,0.0240784,365.115,0.0,264.821468662,2.37836383917,101.151704189
0.719969771585,6.96426,1.5654473304748535,365.226504318,5,3539.87626416,0.00644586,0.898689418514,-367.616,3626.82508585,141.136,-367.591,364.686165181,0.09873366355895996,1021,34936.435775995255,35.476720094680786,1058.13,0.720749690557,0.720749690557,3349.41237225,0.804877,364.683,0.7028264999389648,0.0250244,365.224,0.0,268.953718492,2.35123997691,98.4525411827
0.736556145259,6.96405,1.5795388221740723,365.188245337,5,3529.09496743,0.00981054,0.908570628448,-367.938,3606.16064418,141.274,-367.909,364.647791418,0.10069131851196289,1022,34971.879316568375,35.31145668029785,1057.91,0.737592753687,0.737592753687,3432.86891312,0.804855,364.644,0.7435557842254639,0.0288391,365.185,0.0,293.855892141,2.36381434586,71.8912910253
0.708418723037,6.96117,1.6411335468292236,365.084102791,5,3558.56604762,0.0097327,0.896219184862,-367.675,3707.88427794,134.026,-367.638,364.534751026,0.10927462577819824,1023,35007.42887568474,35.41584134101868,1054.87,0.709785160694,0.709785160694,3413.40064328,0.804503,364.531,0.8308143615722656,0.0369263,365.081,0.0,278.967797176,2.33856628559,103.791101268
0.751950875487,6.96089,1.5950706005096436,365.237789703,5,3552.86482371,0.0097697,0.91044488292,-368.585,3630.34147934,145.717,-368.544,364.724802697,0.09995841979980469,1024,35041.84053492546,34.28593683242798,1054.57,0.751018969299,0.751018969299,3462.51534375,0.804509,364.722,0.7573630809783936,0.0413513,365.236,0.0,279.306540128,2.36722933544,60.6194110489
0.741571329634,6.96083,1.6167807579040527,365.186904593,5,3600.79850316,0.00953657,0.913580799578,-369.029,3720.32384852,135.336,-368.986,364.666660023,0.10815691947937012,1025,35076.67304992676,34.69842457771301,1054.51,0.740646193435,0.740646193435,3453.26832965,0.804517,364.662,0.7938334941864014,0.0427856,365.183,0.0,265.514313666,2.31260795743,118.388733168
0.740186712266,6.96002,1.6175100803375244,365.055268284,5,3559.61744648,0.00642898,0.899353529531,-368.404,3638.01734092,150.095,-368.379,364.50612955,0.10058355331420898,1026,35111.682517528534,34.88473320007324,1053.66,0.740586691086,0.740586691086,3449.62324425,0.804394,364.501,0.795543909072876,0.0250549,365.051,0.0,287.169127459,2.38918034355,79.6775466787
0.738096668243,6.95896,1.6043663024902344,365.146213518,5,3524.2302916,0.00982388,0.902505153684,-367.615,3649.43728146,142.686,-367.584,364.612905319,0.10436010360717773,1027,35146.19859433174,34.38482975959778,1052.53,0.737728603777,0.737728603777,3340.90778829,0.804317,364.611,0.7526998519897461,0.0311279,365.145,0.0,276.833793521,2.32858927417,112.18293989
0.72550213551,6.95821,1.6105396747589111,365.382370853,5,3411.71710041,0.00650903,0.91505215356,-364.072,3457.85400103,134.886,-364.045,364.850282027,0.09827876091003418,1028,35181.23614859581,34.909204721450806,1051.75,0.725672269483,0.725672269483,3341.32165746,0.804322,364.848,0.7189970016479492,0.0266724,365.38,0.0,270.70194136,2.32274318961,39.4746432976
0.738782053748,6.95753,1.571474552154541,365.531522157,5,3574.94045399,0.0096821,0.870746329899,-367.98,3745.73788014,131.852,-367.952,364.997378104,0.09500479698181152,1029,35215.448340177536,34.08276653289795,1051.04,0.739197312915,0.739197312915,3357.34018563,0.804244,364.991,0.6902954578399658,0.0285034,365.526,0.0,271.065076429,2.3024382694,132.930714716
0.713729789329,6.9569,1.6479015350341797,365.811699963,5,3601.52231754,0.00984379,0.914794333963,-370.123,3721.80551031,135.755,-370.091,365.281904358,0.1048288345336914,1030,35249.95348024368,34.375921964645386,1050.37,0.71359360017,0.71359360017,3535.3563742,0.804273,365.279,0.7865042686462402,0.0322266,365.809,0.0,274.157420929,2.33961634191,64.146324666
0.749731373889,6.95522,1.5788075923919678,365.759440386,5,3512.0059312,0.0064193,0.907125757326,-368.089,3562.83044679,143.057,-368.064,365.223998497,0.09579944610595703,1031,35284.805344343185,34.72772026062012,1048.61,0.750505610152,0.750505610152,3410.75003445,0.804106,365.221,0.6778132915496826,0.0248718,365.758,0.0,275.415258577,2.3790035503,52.4234533447
0.720477119562,6.95496,1.6104211807250977,365.763316444,5,3571.17935995,0.00644931,0.879748466583,-367.779,3714.25214772,139.174,-367.753,365.211487469,0.10277819633483887,1032,35319.32640361786,34.39767813682556,1048.34,0.720916989645,0.720916989645,3353.9372756,0.804105,365.207,0.7376525402069092,0.026001,365.759,0.0,283.198147327,2.35526238577,123.439937737
0.747596809983,6.95304,1.6046640872955322,365.82616537,5,3551.47650591,0.00988187,0.91930667482,-368.188,3732.03331581,146.689,-368.153,365.293508498,0.09971404075622559,1033,35354.34682393074,34.89312958717346,1046.33,0.747083617858,0.747083617858,3377.63477033,0.803893,365.29,0.7325613498687744,0.03479,365.823,0.0,278.754096318,2.37581688859,135.451198264
0.737381770651,6.95336,1.5981595516204834,365.857654504,5,3592.1666535,0.00993052,0.89215251337,-369.829,3699.21722142,147.791,-369.803,365.354147956,0.10188174247741699,1034,35388.90070128441,34.42856550216675,1046.66,0.737970741407,0.737970741407,3474.84975997,0.804016,365.352,0.7312347888946533,0.0263977,365.855,0.0,273.950744983,2.36471972214,76.8440178613
0.5981354444,6.95435,1.5946545600891113,365.333665139,5,2913.25752897,0.00650869,0.292745528551,-305.603,3633.86401499,151.779,-305.565,364.764838355,0.09667181968688965,1035,35423.22960448265,34.20143103599548,1047.7,0.598052672666,0.598052672666,355.0025525,0.804261,364.76,0.7296347618103027,0.0381775,365.329,0.0,278.57030261,2.4008818153,1279.95715759
0.633307699328,6.95469,1.699904203414917,365.188756871,5,3567.64810284,0.00975626,0.825347828821,-368.75,3647.4007395,149.167,-368.719,364.598241762,0.11645936965942383,1036,35459.75505924225,36.392520904541016,1048.06,0.633236311107,0.633236311107,3454.99362434,0.804315,364.594,0.8356435298919678,0.0313721,365.185,0.0,270.670085901,2.37321267604,87.7397109101
0.739278958392,6.95421,1.6591966152191162,365.324333083,5,3598.31233249,0.00640686,0.927818612404,-368.945,3659.13895276,130.213,-368.912,364.751735595,0.1075277328491211,1037,35495.41254782677,35.51966047286987,1047.55,0.738987300102,0.738987300102,3498.24666201,0.804289,364.75,0.8088893890380859,0.0327759,365.322,0.0,276.712031149,2.27355899221,56.4222165469
0.760347989314,6.95372,1.6410717964172363,365.168362553,5,3514.36618077,0.00967799,0.92049138646,-366.262,3648.28293339,147.59,-366.226,364.570562981,0.09772682189941406,1038,35530.66360831261,35.12525272369385,1047.04,0.759210459663,0.759210459663,3389.56492376,0.804233,364.568,0.757117509841919,0.0352478,365.165,0.0,271.053859635,2.38031850836,111.166206222
0.774440787276,6.95326,1.6381378173828125,365.100486296,5,3522.95027864,0.00979037,0.886981824721,-366.741,3638.10691329,137.217,-366.71,364.492295615,0.10716748237609863,1039,35565.40891814232,34.61697196960449,1046.56,0.773809767146,0.773809767146,3390.97724065,0.804251,364.489,0.7836587429046631,0.031189,365.097,0.0,285.462262832,2.33086447459,79.1757055028
0.730474296964,6.95137,1.6262729167938232,365.313575675,5,3541.96344012,0.00641803,0.91109840912,-367.686,3707.84941731,132.695,-367.656,364.714243553,0.10343289375305176,1040,35600.08279585838,34.54936861991882,1044.58,0.729976299433,0.729976299433,3332.81404946,0.804048,364.709,0.7641270160675049,0.0300293,365.309,0.0,271.078158294,2.27098813998,131.149476883
0.758757138053,6.95029,1.561143159866333,365.491959532,5,3605.52427928,0.00996507,0.897477929608,-368.757,3746.88615404,135.938,-368.723,364.902805509,0.08874273300170898,1041,35635.606464624405,35.39796257019043,1043.46,0.757322793223,0.757322793223,3462.53556844,0.803954,364.9,0.6647205352783203,0.033905,365.488,0.0,277.142228471,2.27952663151,118.084028288
0.746076495219,6.94804,1.6258220672607422,365.43381115,5,3600.54907315,0.00993646,0.92099566948,-368.989,3715.83558879,136.776,-368.955,364.823272528,0.10377383232116699,1042,35670.95604610443,35.22062397003174,1041.11,0.745694746301,0.745694746301,3510.83231418,0.803674,364.819,0.7560908794403076,0.0343018,365.43,0.0,268.927951615,2.26964309822,76.3533885286
0.700187188755,6.94654,1.6002073287963867,365.404288206,5,3600.23588363,0.00650409,0.90839669234,-369.678,3727.46609884,145.082,-369.649,364.763259547,0.10156559944152832,1043,35706.99375152588,35.903780460357666,1039.55,0.700049157583,0.700049157583,3481.67331108,0.803496,364.76,0.7355165481567383,0.0290833,365.401,0.0,271.659166748,2.34781614233,87.8379593864
0.73979643934,6.94694,1.5508668422698975,365.377860458,5,3559.15097657,0.00654683,0.904168552357,-367.237,3630.92562256,134.77,-367.209,364.763402892,0.09099125862121582,1044,35742.55801701546,35.43923735618591,1039.97,0.740453712891,0.740453712891,3397.27890709,0.803583,364.759,0.6840767860412598,0.0285339,365.374,0.0,269.477893344,2.28179486972,87.9490857507
0.739117621758,6.94567,1.6137635707855225,365.323128243,5,3532.41002489,0.00981126,0.902333909147,-368.22,3614.98198196,148.408,-368.189,364.723659242,0.10843110084533691,1045,35777.772414684296,35.08438014984131,1038.64,0.74020477346,0.74020477346,3475.50327407,0.80349,364.721,0.7875149250030518,0.0310364,365.32,0.0,262.245852202,2.34384806016,58.2525028563
0.73638574871,6.94341,1.664757490158081,365.145200134,5,3563.91379065,0.00662432,0.907169854696,-365.911,3646.42058698,140.445,-365.867,364.508578509,0.10949993133544922,1046,35814.36321187019,36.457194566726685,1036.3,0.736092419325,0.736092419325,3447.15261372,0.803241,364.506,0.8282938003540039,0.0438843,365.142,0.0,278.923606993,2.31203462305,70.312202086
0.749862393032,6.94293,1.7042856216430664,365.012128065,5,3580.38204572,0.00649035,0.926393857018,-367.782,3649.27617506,142.251,-367.758,364.399211013,0.11289620399475098,1047,35851.77920460701,37.29098081588745,1035.8,0.749756532423,0.749756532423,3430.86307564,0.803201,364.395,0.8469333648681641,0.024231,365.007,0.0,271.315868597,2.33878346346,79.4513376879
0.72199329176,6.94086,1.7390165328979492,364.969150543,5,3611.92140678,0.00971529,0.88015253033,-369.661,3722.43750509,123.626,-369.623,364.345729724,0.11965370178222656,1048,35889.567168712616,37.64815592765808,1033.66,0.723729918857,0.723729918857,3513.44692134,0.80292,364.343,0.891826868057251,0.0378113,364.966,0.0,269.189810242,2.24731963664,78.0933409143
0.737605562793,6.9382,1.7048461437225342,365.084671732,5,3616.04999767,0.00982361,0.909722148528,-369.193,3712.15672384,130.179,-369.161,364.453292314,0.10961031913757324,1049,35926.27046203613,36.56311392784119,1030.92,0.737577202167,0.737577202167,3560.34073414,0.802635,364.451,0.8390018939971924,0.0320129,365.082,0.0,276.051799099,2.30497422062,55.779014176
0.738460859777,6.93662,1.688725233078003,365.289057005,5,3639.7227718,0.00979311,0.920692464971,-369.316,3688.95887739,131.332,-369.28,364.699920066,0.11391139030456543,1050,35962.3955078125,35.988895893096924,1029.28,0.738253007616,0.738253007616,3546.09133888,0.802456,364.696,0.8348948955535889,0.0358887,365.286,0.0,290.945337545,2.30782360318,49.3042136726
0.69891782417,6.93604,1.6126453876495361,365.363501959,5,3595.76285485,0.00644177,0.895304356584,-368.557,3685.78375854,139.056,-368.517,364.761014701,0.1004939079284668,1051,35998.509675741196,35.98546242713928,1028.69,0.701691940755,0.701691940755,3510.89568996,0.802403,364.757,0.7469396591186523,0.0396423,365.36,0.0,265.402746305,2.3451065022,64.0587773544
0.730549849222,6.93511,1.608508586883545,365.418412584,5,3599.22431392,0.00645192,0.900957404417,-369.391,3731.05459761,133.257,-369.365,364.843768573,0.10118532180786133,1052,36033.73105049133,35.088568925857544,1027.74,0.730705220034,0.730705220034,3497.02557335,0.802308,364.841,0.7462148666381836,0.0262451,365.416,0.0,286.687132955,2.27048331937,91.7788440399
0.744433609913,6.93333,1.7366867065429688,365.349069817,5,3590.56137364,0.00649396,0.893221689305,-368.904,3686.3257499,148.637,-368.875,364.753841755,0.12110543251037598,1053,36070.32087922096,36.45470952987671,1025.91,0.744391175618,0.744391175618,3476.83416779,0.802134,364.75,0.8756587505340576,0.0284729,365.345,0.0,275.627890296,2.37971688608,73.7290176903
0.720079815733,6.93311,1.6846837997436523,365.145747057,5,3537.66008541,0.00651364,0.897745931301,-368.203,3845.55430913,139.337,-368.179,364.548608664,0.11367249488830566,1054,36107.35864496231,36.901203632354736,1025.68,0.720106455034,0.720106455034,3371.88700563,0.802065,364.546,0.8330283164978027,0.0247192,365.143,0.0,271.183245981,2.30403215705,161.385372598
0.733149599411,6.93209,1.75614333152771,365.270553919,5,3685.41069671,0.00984534,0.900603260737,-370.928,3859.33370775,137.74,-370.902,364.7316158,0.12445402145385742,1055,36143.863946676254,36.37175178527832,1024.63,0.734831020409,0.734831020409,3545.58490676,0.801947,364.729,0.8941400051116943,0.0262451,365.269,0.0,275.338819894,2.28563173418,102.0468886
0.73617571595,6.93187,1.571549654006958,365.424881674,5,3635.79506179,0.00642446,0.926046511426,-367.698,3814.82706675,128.966,-367.671,364.888699378,0.09792017936706543,1056,36180.22595953941,36.2299747467041,1024.41,0.736158561146,0.736158561146,3498.26874295,0.801851,364.886,0.6939356327056885,0.0272217,365.422,0.0,275.059720438,2.27235339499,116.733443908
0.748233625057,6.93052,1.6407783031463623,365.338029355,5,3545.12918313,0.00642902,0.904104403073,-367.534,3634.20047821,141.394,-367.502,364.793650799,0.10895013809204102,1057,36217.639998197556,37.28459095954895,1023.02,0.749121818652,0.749121818652,3460.91291536,0.801683,364.79,0.7894911766052246,0.0324097,365.334,0.0,271.122044381,2.28743785701,64.1171101439
0.73074246162,6.93021,1.7076380252838135,365.305766402,5,3697.64524736,0.00647795,0.918073689277,-370.31,3797.6411687,138.163,-370.289,364.755847811,0.11502218246459961,1058,36255.42615008354,37.65147066116333,1022.7,0.729773848899,0.729773848899,3630.40944553,0.801668,364.753,0.8482003211975098,0.021698,365.303,0.0,286.585678592,2.30393538146,60.6936184924
0.730243024943,6.9298,1.7897257804870605,365.064592961,5,3563.99212941,0.00994014,0.876291887433,-368.344,3772.56677391,143.396,-368.315,364.505241939,0.1210634708404541,1059,36292.8752784729,37.30276417732239,1022.29,0.730292104226,0.730292104226,3360.01447148,0.801677,364.502,0.9083616733551025,0.0293274,365.062,0.0,283.287419913,2.31852652377,147.755104167
0.748335113678,6.9288,1.7128245830535889,365.045778143,5,3605.24271392,0.00642115,0.85897070166,-369.03,3747.82271817,144.712,-369.005,364.501866224,0.11263751983642578,1060,36330.36523389816,37.34885287284851,1021.27,0.746484835462,0.746484835462,3478.82040965,0.801512,364.498,0.8484652042388916,0.0247803,365.042,0.0,284.54412788,2.35455527251,102.673559991
0.72048853577,6.92877,1.6707367897033691,364.875787337,5,3623.17068514,0.00995787,0.898463461868,-368.288,3758.65763347,142.422,-368.258,364.323310571,0.11066794395446777,1061,36366.62371325493,36.12309432029724,1021.24,0.721341600468,0.721341600468,3478.41767881,0.801542,364.321,0.8166975975036621,0.0294495,364.874,0.0,286.152753354,2.33813932493,113.196621023
0.721638956971,6.92597,1.6833605766296387,364.688430286,5,3521.33641767,0.0099942,0.886952014127,-365.615,3702.21932274,145.814,-365.585,364.116074145,0.11110925674438477,1062,36402.59996390343,35.83695602416992,1018.38,0.722780992977,0.722780992977,3219.7806401,0.801137,364.113,0.8321878910064697,0.0305176,364.686,0.0,255.010310133,2.34095963002,167.192464467
0.771548763916,6.9236,1.5835673809051514,364.679344148,5,3544.31179086,0.00986049,0.862888887621,-365.641,3699.94429507,129.498,-365.61,364.116040258,0.09790849685668945,1063,36439.96096992493,37.22730827331543,1015.97,0.771972227551,0.771972227551,3268.42293412,0.80096,364.112,0.6871733665466309,0.0312195,364.676,0.0,269.213262165,2.26137477175,150.42887453
0.746260349119,6.92173,1.6718556880950928,364.510631801,5,3602.83779301,0.00650619,0.899831934576,-368.089,3658.26292949,146.72,-368.066,363.916150422,0.10579395294189453,1064,36477.81481170654,37.718265771865845,1014.08,0.746252846399,0.746252846399,3531.37502713,0.800667,363.911,0.825275182723999,0.0234985,364.507,0.0,267.977346072,2.35947793116,50.8350299148
0.739666740407,6.92181,1.7104506492614746,364.764035411,5,3539.79236188,0.00988005,0.883151248651,-367.471,3686.13878486,124.021,-367.438,364.207141415,0.11854124069213867,1065,36516.15353655815,38.199400901794434,1014.16,0.740520297561,0.740520297561,3454.75694206,0.800695,364.204,0.8628151416778564,0.0330505,364.76,0.0,280.200092397,2.24493093741,79.7243056096
0.734963714282,6.92122,1.76426362991333,364.774148353,5,3579.27098259,0.00643363,0.920119058756,-367.436,3675.22815493,149.727,-367.413,364.222349963,0.11337828636169434,1066,36553.25406742096,36.959224224090576,1013.55,0.734305967711,0.734305967711,3480.64100567,0.80062,364.219,0.9007954597473145,0.0227051,364.771,0.0,286.143731563,2.36916358927,75.9584423874
0.728766009997,6.9184,1.6059277057647705,364.702131028,5,3614.59713959,0.0064468,0.907619100422,-368.231,3687.01674294,149.684,-368.206,364.147667954,0.09612345695495605,1067,36589.790944337845,36.40327858924866,1010.7,0.728563970698,0.728563970698,3557.94755108,0.800342,364.145,0.7354843616485596,0.0240784,364.699,0.0,270.77487958,2.35695601079,53.550670956
0.74872711716,6.91756,1.6349189281463623,364.547644294,5,3644.44286841,0.00985999,0.876344533695,-369.465,3815.61131832,140.796,-369.424,363.982619273,0.10340261459350586,1068,36627.12173819542,37.183565616607666,1009.86,0.749529409713,0.749529409713,3513.56766564,0.800271,363.979,0.7802739143371582,0.0404358,364.544,0.0,285.058146452,2.33520407077,111.596969218
0.75111216071,6.91641,1.7319414615631104,364.590396579,5,3503.66897558,0.00651941,0.865030514616,-366.034,3660.73991171,137.824,-366.004,364.025595784,0.11078715324401855,1069,36663.22425842285,35.95108771324158,1008.69,0.750348500744,0.750348500744,3381.95370696,0.800113,364.023,0.8740847110748291,0.0301514,364.589,0.0,271.565441188,2.29991108933,90.2186568516
0.742188939841,6.91547,1.688500165939331,364.628932553,5,3604.21697432,0.00649451,0.89502896602,-367.439,3726.87680013,152.342,-367.41,364.07183291,0.11769413948059082,1070,36700.7024846077,37.340550899505615,1007.74,0.742528197124,0.742528197124,3479.97165673,0.800038,364.068,0.8630106449127197,0.0293274,364.625,0.0,266.665038337,2.37675605213,94.8509269455
0.747283101012,6.91399,1.5599329471588135,364.59136133,5,3530.69955764,0.00653089,0.872768980896,-365.554,3651.1479716,132.727,-365.526,364.035765213,0.10592961311340332,1071,36737.70676827431,36.871559858322144,1006.25,0.746844389005,0.746844389005,3393.79378151,0.799896,364.032,0.7448663711547852,0.0278625,364.588,0.0,272.750309032,2.25603943621,101.992024134
0.768144140295,6.91336,1.5784320831298828,364.553871245,5,3630.16060536,0.00990037,0.903498495127,-369.259,3728.81813913,139.331,-369.234,363.996513944,0.1058809757232666,1072,36773.77287650108,35.92718029022217,1005.62,0.76798871873,0.76798871873,3532.32153673,0.79984,363.994,0.8030204772949219,0.0249023,364.551,0.0,271.753252482,2.29942887412,79.4534867546
0.731005554938,6.91384,1.6272730827331543,364.504485188,5,3613.42501351,0.00983552,0.9087006643,-368.795,3722.78098806,142.78,-368.768,363.940390915,0.11221432685852051,1073,36810.61586141586,36.71582841873169,1006.11,0.732441021448,0.732441021448,3470.32459725,0.799996,363.939,0.8475644588470459,0.0275879,364.503,0.0,280.879343436,2.32256698273,105.618128923
0.727557020065,6.91406,1.6104786396026611,364.516215125,5,3557.58495332,0.00959936,0.899529385031,-365.568,3652.7315443,143.09,-365.534,363.947558349,0.1051173210144043,1074,36847.290360450745,36.536933183670044,1006.33,0.727411917533,0.727411917533,3454.16373587,0.800061,363.942,0.8042593002319336,0.0334778,364.512,0.0,268.976533566,2.3451438032,64.687719344
0.718054902714,6.91268,1.6861157417297363,364.415167817,5,3605.35675158,0.00988813,0.916695752245,-368.306,3773.6984763,135.267,-368.275,363.839204998,0.1094510555267334,1075,36882.941818237305,35.50127840042114,1004.94,0.716957579014,0.716957579014,3505.93076833,0.799846,363.836,0.8642771244049072,0.0308533,364.412,0.0,267.605313025,2.25855832065,95.7619758531
0.727361174263,6.9117,1.6580557823181152,364.481834923,5,3576.16741782,0.00648138,0.898491863515,-367.647,3665.21983359,137.616,-367.619,363.929284547,0.1049504280090332,1076,36920.147190093994,37.07843089103699,1003.95,0.727374700917,0.727374700917,3519.29726495,0.799732,363.926,0.8286192417144775,0.0273438,364.479,0.0,278.916588298,2.29640104651,51.7314503835
0.719651735339,6.90988,1.5986766815185547,364.522652781,5,3619.87998601,0.0097929,0.907016638895,-368.377,3709.52749291,133.004,-368.347,363.973613375,0.10056853294372559,1077,36956.48580574989,36.20720887184143,1002.13,0.720967350852,0.720967350852,3496.96545189,0.799507,363.97,0.7457358837127686,0.0296021,364.52,0.0,267.239589813,2.26657941413,68.8044359836
0.727163248604,6.91052,1.667853832244873,364.980830349,5,3592.64916949,0.00987274,0.879468828364,-367.893,3799.94711236,120.184,-367.851,364.518193018,0.1099405288696289,1078,36993.14929771423,36.52454924583435,1002.76,0.729075835033,0.729075835033,3494.0963529,0.799688,364.514,0.824772834777832,0.04245,364.978,0.0,263.878491478,2.21900878371,111.410764406
0.735824777618,6.90953,1.6240215301513672,365.070170422,5,3543.37763231,0.0099762,0.91447751108,-367.098,3664.85381268,141.088,-367.069,364.59242292,0.10461139678955078,1079,37028.839945077896,35.56283211708069,1001.78,0.735307566217,0.735307566217,3425.71464076,0.799558,364.589,0.7764697074890137,0.0288696,365.068,0.0,269.22803999,2.32327739991,89.6728346781
0.704492439915,6.90568,1.54081130027771,365.22970284,5,3594.04304551,0.00993509,0.920976211808,-368.436,3736.91872641,125.95,-368.407,364.73137123,0.09357333183288574,1080,37063.52011537552,34.5557177066803,997.928,0.704627172827,0.704627172827,3497.36477059,0.799092,364.729,0.6427736282348633,0.0282898,365.228,0.0,272.485909421,2.22267480257,82.5098231905
0.721814812875,6.90416,1.5745549201965332,365.52514285,5,3656.43145734,0.00651784,0.909198014844,-369.582,3709.7054182,121.469,-369.55,365.071046615,0.09789896011352539,1081,37099.08206319809,35.43678951263428,996.414,0.722259943988,0.722259943988,3586.18461848,0.798961,365.068,0.7019221782684326,0.0318604,365.522,0.0,279.496924496,2.22721173329,41.3029888973
0.74035616625,6.9034,1.7002992630004883,365.3609859,5,3682.13055317,0.00979997,0.907717327374,-369.52,3764.05403957,156.617,-369.489,364.911377112,0.11291027069091797,1082,37135.68980836868,36.4761598110199,995.659,0.740668414503,0.740668414503,3591.33332191,0.79889,364.908,0.8464560508728027,0.0303955,365.357,0.0,286.990504571,2.38424747665,72.5496299039
0.755977329652,6.90294,1.6017582416534424,365.207546159,5,3654.42647232,0.00996333,0.917712429877,-369.064,3727.84808,143.994,-369.034,364.764424356,0.1079564094543457,1083,37171.657395124435,35.83808636665344,995.199,0.754772439334,0.754772439334,3554.89609969,0.798822,364.759,0.7592177391052246,0.0306702,365.202,0.0,282.126445637,2.30145404926,68.5950559647
0.741531568622,6.90076,1.6839547157287598,365.003327196,5,3628.84130042,0.00645743,0.91663531177,-368.972,3776.15211768,148.502,-368.946,364.548560657,0.11523556709289551,1084,37208.15753746033,36.360902547836304,993.033,0.741164180424,0.741164180424,3536.08231347,0.798544,364.546,0.8511362075805664,0.0264282,365.001,0.0,278.91739306,2.32170945605,82.6716867761
0.726616239897,6.90004,1.6835074424743652,365.013117171,5,3573.98921919,0.00981587,0.908188439277,-368.256,3787.03637033,127.213,-368.227,364.560196262,0.11243939399719238,1085,37244.29859113693,36.006306886672974,992.314,0.726165004989,0.726165004989,3446.94645347,0.798433,364.558,0.8390805721282959,0.0294189,365.011,0.0,266.924297033,2.22336466451,133.494391226
0.735634078447,6.90092,1.6780321598052979,364.959549248,5,3593.01302989,0.00988415,0.905551044294,-366.359,3648.93610706,146.693,-366.327,364.506895568,0.11103463172912598,1086,37280.74295949936,36.312878370285034,993.185,0.735381224254,0.735381224254,3538.81299719,0.79864,364.503,0.815892219543457,0.032196,364.955,0.0,275.355725062,2.35934998825,45.9645183388
0.728394251872,6.89873,1.6351773738861084,364.999579337,5,3594.89423166,0.00642542,0.894906251769,-365.416,3806.86208343,137.683,-365.383,364.515221188,0.11230850219726562,1087,37316.356941223145,35.480695724487305,991.012,0.730450908241,0.730450908241,3411.14865543,0.798388,364.511,0.7955062389373779,0.0328064,364.996,0.0,267.843440919,2.33856284049,144.071044076
0.738948524347,6.89763,1.6089987754821777,364.998777112,5,3583.04998811,0.0064235,0.907392080248,-367.841,3685.52052432,146.323,-367.816,364.514749055,0.10208749771118164,1088,37352.0509390831,35.55660533905029,989.928,0.7392656807,0.7392656807,3435.30051247,0.798264,364.512,0.747307538986206,0.0250549,364.996,0.0,262.156043678,2.35112201363,95.3127739904
0.731359346522,6.89677,1.6532433032989502,364.861966732,5,3568.13797525,0.00962645,0.939334897007,-368.239,3633.98182796,161.876,-368.206,364.387798749,0.1097266674041748,1089,37388.17934966087,35.99649119377136,989.08,0.731624991877,0.731624991877,3506.08658324,0.79816,364.384,0.8079991340637207,0.0325012,364.858,0.0,270.622769292,2.41794244962,53.7920252492
0.51986328883,6.89717,1.6459472179412842,364.653093982,5,3300.42621247,0.00645561,0.0429398923088,-340.125,3774.80330481,143.715,-340.088,364.16555589,0.10901618003845215,1090,37425.18525624275,36.876168727874756,989.472,0.519537090054,0.519537090054,2118.73004904,0.798248,364.163,0.8087730407714844,0.0373535,364.651,0.0,271.934478194,2.32850572623,598.560282211
0.68073127243,6.8979,1.6775290966033936,364.721319878,5,3598.20357218,0.00996388,0.837853871018,-366.085,3847.6156158,133.395,-366.057,364.240359904,0.10818648338317871,1091,37463.34569811821,38.027276039123535,990.192,0.680885015099,0.680885015099,3434.48475021,0.798352,364.235,0.8451087474822998,0.02771,364.716,0.0,262.662827543,2.29644230699,156.387696457
0.770657188932,6.89596,1.6821770668029785,364.916481398,5,3589.94023157,0.00977438,0.865856402862,-367.482,3750.77880896,147.907,-367.453,364.448572968,0.10847854614257812,1092,37500.820947647095,37.33676195144653,988.272,0.770366595233,0.770366595233,3424.05110042,0.798129,364.444,0.8454854488372803,0.0292053,364.913,0.0,281.440263216,2.36857253679,128.721715059
0.73041546789,6.8938,1.7639296054840088,364.912430035,5,3618.38776702,0.00646834,0.885699444099,-368.536,3693.36499386,135.255,-368.512,364.432730177,0.11966896057128906,1093,37537.30347633362,36.34159851074219,986.141,0.730448461014,0.730448461014,3500.51067017,0.797852,364.432,0.9084157943725586,0.0240479,364.912,0.0,276.849044267,2.28932137271,64.3786698765
0.7182899479,6.89388,1.562027931213379,365.012501186,5,3609.05534324,0.00643232,0.914240659444,-366.484,3711.96210218,132.587,-366.455,364.535896954,0.08618426322937012,1094,37573.1437690258,35.70992398262024,986.222,0.718786817117,0.718786817117,3496.2196533,0.797838,364.532,0.7014279365539551,0.0288696,365.008,0.0,284.462604594,2.27489292843,74.2344180342
0.756477659193,6.89359,1.6155602931976318,365.134815134,5,3542.11477354,0.00991854,0.885793198854,-367.152,3722.15975808,141.237,-367.124,364.656181111,0.10618805885314941,1095,37609.97176480293,36.69423198699951,985.931,0.756770465645,0.756770465645,3435.18312897,0.797824,364.655,0.7966587543487549,0.0280457,365.134,0.0,259.73965809,2.30693999003,99.375827802
0.75002537567,6.89399,1.6209566593170166,365.18282643,5,3589.31015762,0.00976024,0.899748656841,-366.638,3648.75102441,132.4,-366.612,364.723714789,0.10491180419921875,1096,37645.20939183235,35.09567070007324,986.333,0.748750307406,0.748750307406,3507.35458533,0.79788,364.718,0.8187944889068604,0.0265503,365.178,0.0,267.348968625,2.27715942514,46.1425957836
0.72197761828,6.89078,1.5660741329193115,364.941111555,5,3638.61855222,0.00647548,0.932610640756,-368.046,3705.47516134,144.522,-368.019,364.445939133,0.09908294677734375,1097,37680.19098162651,34.85096716880798,983.172,0.723190893698,0.723190893698,3581.45933425,0.797552,364.443,0.7347748279571533,0.0272522,364.937,0.0,279.865288806,2.33172944205,47.9402921231
0.746635466767,6.89116,1.547182559967041,365.069078164,5,3605.47583642,0.00656353,0.901649625272,-368.354,3689.41816256,131.438,-368.33,364.586520828,0.09764480590820312,1098,37716.043326854706,35.72676992416382,983.542,0.746445539668,0.746445539668,3497.67980001,0.797622,364.583,0.7010493278503418,0.0240479,365.066,0.0,275.563700454,2.25680892748,81.5197610183
0.72107080153,6.89214,1.577219009399414,365.067367694,5,3672.40349904,0.00977906,0.906342304892,-370.305,3721.59721127,139.399,-370.271,364.595163999,0.11210370063781738,1099,37752.52410411835,36.35187077522278,984.501,0.721756536973,0.721756536973,3581.37564169,0.797795,364.59,0.75168776512146,0.0339661,365.063,0.0,285.276734903,2.28969319881,48.5812501197
0.741931546761,6.8915,1.564319133758545,365.178889454,5,3606.52859766,0.00646749,0.897420603378,-368.128,3751.06465635,135.25,-368.102,364.700433655,0.11398005485534668,1100,37789.20212292671,36.552915811538696,983.881,0.742190643749,0.742190643749,3480.49084086,0.797765,364.697,0.7739455699920654,0.0256348,365.176,0.0,290.395778304,2.29318769287,94.5906553664
0.736295092945,6.89085,1.6323268413543701,365.112082924,5,3540.74050123,0.00996247,0.919651807723,-366.379,3602.02424545,142.044,-366.345,364.628769181,0.10834693908691406,1101,37825.43989658356,36.1120719909668,983.24,0.735318843734,0.735318843734,3454.54210328,0.797717,364.626,0.8464705944061279,0.0343933,365.108,0.0,279.508578729,2.31744633165,48.1864053547
0.73563657453,6.89086,1.6268062591552734,365.158042627,5,3599.73027484,0.00643972,0.875636093285,-367.005,3766.53298489,131.885,-366.98,364.663774525,0.11589503288269043,1102,37861.85799574852,36.28823113441467,983.248,0.736523182583,0.736523182583,3330.28122158,0.797757,364.66,0.8459978103637695,0.025238,365.154,0.0,267.680548092,2.25085466933,164.851366602
0.580998702622,6.88953,1.5512866973876953,364.924501937,5,3070.45654722,0.00996536,0.511400416207,-317.031,3674.95486499,146.846,-316.992,364.368723765,0.10091161727905273,1103,37897.717433691025,35.73482155799866,981.94,0.580624190604,0.580624190604,979.23496236,0.797625,364.366,0.7488181591033936,0.039093,364.922,0.0,275.472429059,2.32313661471,1047.3316334
0.704843699514,6.88945,1.7343251705169678,365.079335167,5,3565.54492978,0.00988961,0.738883204452,-367.014,3734.82237592,143.084,-366.983,364.556951943,0.11254048347473145,1104,37934.49219584465,36.63734197616577,981.857,0.704627110253,0.704627110253,3457.89707027,0.797664,364.553,0.9166858196258545,0.0318604,365.076,0.0,264.283315854,2.31471098925,92.8237255577
0.737673142695,6.88879,1.6409497261047363,364.874434245,5,3648.68842221,0.00660841,0.913507677869,-368.476,3704.27979278,159.284,-368.445,364.341302906,0.10926175117492676,1105,37971.54476571083,36.92462086677551,981.213,0.737597301126,0.737597301126,3588.25864748,0.797615,364.337,0.8403809070587158,0.0309143,364.871,0.0,263.068572598,2.44804315599,47.9065372544
0.534538335203,6.8879,1.6257140636444092,364.405455478,5,3220.8299451,0.00986795,0.407202038807,-331.628,3695.74316128,148.511,-331.585,363.819456413,0.09755897521972656,1106,38008.070725917816,36.395299196243286,980.34,0.53474312671,0.53474312671,1647.21120259,0.797586,363.817,0.785459041595459,0.0433655,364.403,0.0,283.054230027,2.37423487693,790.082824579
0.638569892063,6.88723,1.6600251197814941,364.453436923,5,3557.72781822,0.00982816,0.7875733968,-366.273,3626.28612073,139.997,-366.242,363.854507985,0.10875940322875977,1107,38044.334028959274,36.12877297401428,979.68,0.638686666769,0.638686666769,3429.32951682,0.797509,363.851,0.828495979309082,0.0303955,364.45,0.0,263.984035372,2.3188977746,72.0171821024
0.72018267937,6.889,1.7442891597747803,364.926945542,5,3617.20068386,0.00648901,0.918025636469,-368.724,3680.19698916,132.967,-368.701,364.406140886,0.1155390739440918,1108,38082.00625896454,37.503801584243774,981.416,0.721469270468,0.721469270468,3561.80866856,0.797688,364.403,0.9026529788970947,0.0229187,364.922,0.0,279.626957612,2.29472448272,40.2247613369
0.714325974229,6.88836,1.605581521987915,364.850173232,5,3693.32701587,0.00641351,0.926780507592,-370.298,3791.35768714,138.481,-370.275,364.305643603,0.10633611679077148,1109,38118.98875498772,36.85513687133789,980.792,0.714774562103,0.714774562103,3563.81200341,0.79766,364.305,0.7701687812805176,0.0236816,364.85,0.0,269.931652792,2.29468784832,73.794014426
0.744914343058,6.88763,1.6079435348510742,365.149441439,5,3612.82184125,0.0064935,0.907178999669,-367.272,3710.91951329,144.583,-367.247,364.624133974,0.10849738121032715,1110,38153.95740008354,34.84129333496094,980.073,0.744421174432,0.744421174432,3508.1455749,0.797653,364.618,0.7521672248840332,0.0258789,365.143,0.0,281.402951267,2.35126376709,65.529664118
0.718471850244,6.88681,1.6236770153045654,364.984873052,5,3670.62319036,0.00650672,0.918309521061,-369.676,3756.07848093,145.987,-369.65,364.448860337,0.11363077163696289,1111,38190.22442364693,36.135207176208496,979.272,0.718725617569,0.718725617569,3554.37769324,0.797558,364.446,0.779106855392456,0.0264893,364.982,0.0,276.933662299,2.35751179002,73.5238160352
0.728167064119,6.88585,1.620048999786377,364.893536861,5,3591.11182665,0.00651848,0.912229942888,-367.334,3640.17201928,137.975,-367.306,364.352396859,0.10623979568481445,1112,38227.44206094742,37.08541297912598,978.331,0.727930175142,0.727930175142,3527.78447584,0.797485,364.348,0.7900264263153076,0.028595,364.889,0.0,267.414477613,2.29804069827,40.8324747377
0.739016229312,6.88401,1.6290709972381592,365.044230349,5,3620.17840176,0.00641322,0.914995617726,-369.099,3720.10347983,139.675,-369.075,364.48141305,0.10833477973937988,1113,38264.04727625847,36.47129225730896,976.535,0.739100308606,0.739100308606,3480.93882197,0.797245,364.478,0.8049728870391846,0.0242615,365.042,0.0,277.52026691,2.31482555514,77.6168432754
0.753119104792,6.88353,1.6377513408660889,365.075014202,5,3604.19902551,0.00979742,0.90375307292,-367.717,3653.76351543,148.962,-367.691,364.513965105,0.10837650299072266,1114,38300.26565241814,36.08457159996033,976.07,0.754568579137,0.754568579137,3479.81919224,0.797275,364.51,0.804844856262207,0.0258484,365.07,0.0,277.512666206,2.33761003024,63.6103144688
0.726476719612,6.88079,1.6907613277435303,365.102646449,5,3686.10956782,0.00991061,0.920328824391,-369.947,3772.94179677,133.291,-369.918,364.537391119,0.1093146800994873,1115,38336.8386092186,36.440030574798584,973.391,0.725370752323,0.725370752323,3480.00862135,0.796903,364.534,0.8391399383544922,0.0290222,365.1,0.0,275.617595036,2.26285218629,113.937059408
0.757949859362,6.87984,1.6375973224639893,365.274413164,5,3655.33990644,0.00992723,0.906998241764,-368.563,3680.38493979,136.325,-368.53,364.699623364,0.10799503326416016,1116,38372.74621248245,35.77047801017761,972.474,0.757985894463,0.757985894463,3627.09891212,0.796808,364.698,0.8007168769836426,0.0334167,365.273,0.0,276.379064428,2.27281179042,19.3404179754
0.71667476992,6.87861,1.611314058303833,365.299608901,5,3633.2344295,0.00981688,0.936135356254,-368.209,3719.58404087,134.525,-368.178,364.693079361,0.10728669166564941,1117,38408.076738119125,35.1968719959259,971.278,0.717689126469,0.717689126469,3563.27292532,0.796641,364.688,0.7834274768829346,0.0310059,365.294,0.0,285.432725227,2.27575222339,53.7090598523
0.761560956898,6.87848,1.6114225387573242,365.585565465,5,3688.93572669,0.009988,0.905076216645,-370.749,3767.09020734,125.252,-370.718,365.02907944,0.09898567199707031,1118,38444.071216106415,35.862895488739014,971.149,0.760871610155,0.760871610155,3509.40120047,0.796681,365.026,0.7614998817443848,0.0316162,365.582,0.0,289.303381132,2.22044500978,101.469643966
0.708110660301,6.87857,1.6258621215820312,365.619142991,5,3610.09355987,0.00981596,0.913767165876,-368.152,3672.26747908,131.717,-368.115,365.054773428,0.1134803295135498,1119,38480.996047735214,36.782610177993774,971.237,0.706375635221,0.706375635221,3490.22214703,0.796695,365.052,0.7969748973846436,0.0370178,365.616,0.0,282.406684001,2.24496855851,65.9466693634
0.765597626777,6.87701,1.721649408340454,365.644341793,5,3619.01398797,0.00997476,0.929853728412,-368.293,3692.40137737,142.667,-368.266,365.06999068,0.11275577545166016,1120,38518.63048362732,37.49331855773926,969.721,0.766161192294,0.766161192294,3515.79778865,0.79652,365.067,0.8803088665008545,0.0269165,365.642,0.0,281.464295512,2.31583886302,61.133555434
0.740849345355,6.87634,1.6511881351470947,365.518396381,5,3618.78980457,0.00649167,0.902205447121,-368.794,3659.26274156,134.298,-368.755,364.908123963,0.11501240730285645,1121,38555.458233356476,36.686513900756836,969.076,0.741393511503,0.741393511503,3573.23219776,0.796472,364.904,0.8461558818817139,0.0388489,365.514,0.0,276.580226609,2.26172790392,31.2718339796
0.735971066911,6.87664,1.5991616249084473,365.576682096,5,3703.72059374,0.00644511,0.89769283184,-369.711,3772.76598866,136.419,-369.687,364.945089607,0.10833024978637695,1122,38591.84908890724,36.260329484939575,969.361,0.735757933711,0.735757933711,3547.24808417,0.796519,364.941,0.7807042598724365,0.0240479,365.574,0.0,274.999269254,2.28254710879,83.0540250142
0.717944982802,6.87527,1.5737078189849854,365.637965696,5,3656.39788212,0.00643016,0.896956404673,-369.348,3788.53876905,147.065,-369.324,365.032269162,0.10063958168029785,1123,38626.99962377548,35.014628410339355,968.034,0.718547893887,0.718547893887,3466.8667102,0.796399,365.028,0.7522916793823242,0.0237427,365.633,0.0,286.516752976,2.31723577784,116.608644647
0.754120907212,6.87427,1.6069679260253906,365.691773599,5,3667.63147874,0.00995393,0.919003409737,-369.961,3767.47176256,142.734,-369.934,365.124521611,0.10822129249572754,1124,38663.56690812111,36.43482708930969,967.068,0.754131257355,0.754131257355,3578.02872063,0.796282,365.121,0.8110322952270508,0.0272217,365.689,0.0,284.041998254,2.27851277191,61.984642481
0.760768679598,6.87185,1.6216177940368652,365.594055859,5,3630.11053845,0.00985036,0.899175500401,-367.856,3747.77650471,139.499,-367.822,365.011232474,0.11446499824523926,1125,38700.40804052353,36.71400570869446,964.727,0.760067535572,0.760067535572,3496.11286504,0.796033,365.008,0.8188483715057373,0.0335693,365.591,0.0,274.57022669,2.26288953512,80.0328919686
0.721227674575,6.87069,1.6553864479064941,365.658902764,5,3692.73645913,0.00995566,0.894909380135,-370.459,3780.64470472,134.653,-370.429,365.059687822,0.10974287986755371,1126,38736.29513716698,35.752785205841064,963.609,0.720779946286,0.720779946286,3630.67761533,0.795968,365.056,0.8449385166168213,0.0302124,365.656,0.0,296.543716135,2.26824766721,52.1803358474
0.773312683865,6.8705,1.6774790287017822,365.857369782,5,3630.08390803,0.00995696,0.908861532525,-369.024,3713.71793315,135.937,-368.994,365.261576254,0.11458802223205566,1127,38772.21721100807,35.77748775482178,963.428,0.773440197151,0.773440197151,3502.72243265,0.795952,365.259,0.8538334369659424,0.0295715,365.855,0.0,280.842445857,2.27271296942,72.3839676443
0.737325723458,6.86982,1.5986568927764893,365.879995984,5,3633.95887867,0.00993813,0.905659528322,-367.982,3743.30331969,153.861,-367.951,365.274826714,0.10230088233947754,1128,38808.361459970474,36.00366163253784,962.78,0.737573546802,0.737573546802,3496.89984459,0.795918,365.272,0.7444033622741699,0.0314026,365.877,0.0,275.547392657,2.34708190338,87.0934407245
0.767302511587,6.86919,1.5948512554168701,366.100036436,5,3689.97130649,0.00648008,0.904713735108,-370.263,3760.99082253,136.73,-370.24,365.505848571,0.09668111801147461,1129,38844.209800720215,35.7106146812439,962.165,0.76733032801,0.76733032801,3602.95588508,0.795812,365.502,0.770679235458374,0.0231323,366.096,0.0,285.13652302,2.29331480906,58.5159148805
0.730254159377,6.86869,1.659254550933838,366.071490038,5,3638.88422362,0.00641554,0.896935923123,-368.678,3804.5452391,145.782,-368.653,365.472580835,0.11585760116577148,1130,38881.36863088608,37.027167081832886,961.688,0.730702383459,0.730702383459,3511.79727548,0.795778,365.469,0.852654218673706,0.0255737,366.068,0.0,285.801296954,2.33016759047,107.595709637
0.741375070879,6.86742,1.6364827156066895,366.133123147,5,3573.19299241,0.00987729,0.928762175643,-367.391,3635.10734383,142.152,-367.363,365.593391896,0.10899901390075684,1131,38917.71277284622,36.21604323387146,960.465,0.740673550169,0.740673550169,3477.0269635,0.795633,365.588,0.8345515727996826,0.0286255,366.127,0.0,264.028817695,2.32098338373,58.8426087804
0.724979821556,6.86656,1.607999324798584,366.157898504,5,3616.22832735,0.00990992,0.90102215506,-369.707,3746.74218609,141.849,-369.673,365.618800116,0.09886407852172852,1132,38953.715683460236,35.87574768066406,959.644,0.725236734643,0.725236734643,3491.57510512,0.795502,365.618,0.7616889476776123,0.0342407,366.156,0.0,264.465454205,2.30694944361,103.376945638
0.751777486762,6.86584,1.6133842468261719,366.355337125,5,3611.32612822,0.00642297,0.89443043548,-368.114,3733.05831304,130.921,-368.082,365.835721008,0.10702300071716309,1133,38989.977669239044,36.12826466560364,958.955,0.751337025301,0.751337025301,3538.94542408,0.795438,365.833,0.7904670238494873,0.0315857,366.353,0.0,287.174717806,2.24624255283,71.3749197005
0.591508516077,6.86557,1.6383459568023682,366.220223131,5,2882.86193222,0.00645501,0.339748491091,-302.941,3677.28389589,122.765,-302.904,365.580203882,0.11063456535339355,1134,39024.53105401993,34.41394233703613,958.697,0.591361967997,0.591361967997,141.109572448,0.79544,365.575,0.8148391246795654,0.0364075,366.215,0.0,265.029790203,2.1765995149,1372.0691196
0.640603583079,6.8652,1.5561614036560059,366.419704667,5,3700.09776696,0.00991732,0.803256215633,-370.825,3773.61316419,129.886,-370.793,365.767048246,0.09835290908813477,1135,39060.23219180107,35.57477569580078,958.334,0.641084389123,0.641084389123,3628.31428456,0.79536,365.765,0.6885018348693848,0.0324097,366.417,0.0,289.272498294,2.24742797986,61.3600507991
0.740861129542,6.86507,1.5930602550506592,366.496088718,5,3613.47619008,0.00646131,0.890033965343,-369.52,3781.74224835,141.596,-369.495,365.833157276,0.09630775451660156,1136,39096.54207086563,36.17775893211365,958.215,0.741739751243,0.741739751243,3355.7216841,0.795302,365.828,0.7460687160491943,0.0256042,366.491,0.0,275.675165672,2.27138281393,144.354981765
0.751458428005,6.86473,1.6154298782348633,366.663645446,5,3599.26697686,0.00641358,0.899932246547,-369.701,3858.73599698,135.022,-369.677,366.011321954,0.10534191131591797,1137,39132.40919494629,35.72766661643982,957.884,0.751630322199,0.751630322199,3416.66204755,0.795296,366.008,0.7992875576019287,0.0237732,366.661,0.0,269.779564125,2.2650432884,145.227865995
0.720934334739,6.8635,1.6086053848266602,366.807158609,5,3563.98064137,0.00987487,0.911241392325,-368.717,3670.13495895,133.183,-368.682,366.153310274,0.10475635528564453,1138,39168.37502479553,35.837183237075806,956.713,0.721063430259,0.721063430259,3447.95451132,0.795214,366.15,0.7800674438476562,0.0345459,366.804,0.0,261.420362397,2.23740593684,86.5802384768
0.746803088327,6.86227,1.580852746963501,366.684854958,5,3689.60996335,0.00997486,0.919149344266,-371.148,3801.40407899,152.49,-371.111,365.98860526,0.09862589836120605,1139,39203.899156570435,35.397035360336304,955.531,0.747169756225,0.747169756225,3637.94931742,0.79513,365.984,0.7480077743530273,0.0371094,366.68,0.0,287.795176729,2.31706721949,57.2978268774
0.747019929032,6.85999,1.5713441371917725,366.816704232,5,3600.85130349,0.00998618,0.918980700612,-369.526,3720.50181013,132.718,-369.494,366.13946033,0.09605717658996582,1140,39238.00259280205,33.97650718688965,953.357,0.747092709317,0.747092709317,3542.92861876,0.794839,366.135,0.7001166343688965,0.032135,366.813,0.0,283.311980167,2.24628573763,63.1349768434
0.706621476674,6.85826,1.574188470840454,366.742312835,5,3542.47960837,0.00992176,0.873435586828,-368.681,3595.51749257,151.11,-368.655,366.021463519,0.09935832023620605,1141,39274.06014561653,35.932392835617065,951.711,0.706725560161,0.706725560161,3431.82647076,0.794681,366.018,0.718991756439209,0.0265503,366.738,0.0,263.73887162,2.35609531252,58.9162441819
0.735053717768,6.85384,1.5737757682800293,367.026640478,5,3615.9356445,0.00974169,0.927924018488,-370.025,3780.18769796,132.813,-369.988,366.34665253,0.10235118865966797,1142,39310.61586403847,36.41938495635986,947.508,0.735680739564,0.735680739564,3432.01995532,0.794147,366.343,0.7365951538085938,0.0361633,367.023,0.0,269.110062643,2.25485420313,111.410807238
0.73668015984,6.8533,1.605661392211914,366.983266996,5,3641.92608598,0.00644074,0.915378215007,-369.709,3736.13219702,136.184,-369.677,366.277617228,0.10266709327697754,1143,39346.44460654259,35.69183421134949,947.005,0.737362182766,0.737362182766,3523.88044805,0.794073,366.277,0.7878623008728027,0.0314026,366.983,0.0,276.055313516,2.27751780791,79.5985320515
0.731318111818,6.85307,1.6420300006866455,367.269749101,5,3558.93760528,0.00998475,0.908916561395,-366.664,3651.85501879,131.847,-366.625,366.608164114,0.11002278327941895,1144,39382.814123630524,36.23520541191101,946.782,0.731934950792,0.731934950792,3403.77272987,0.794087,366.602,0.8118898868560791,0.0390015,367.263,0.0,272.81070245,2.24238374835,89.9340170263
0.758095239049,6.85304,1.6832635402679443,367.322585526,5,3616.83772574,0.00994351,0.891791559334,-369.213,3679.34467397,129.71,-369.178,366.613856403,0.11904644966125488,1145,39419.386422634125,36.4349045753479,946.753,0.758803938527,0.758803938527,3500.37260128,0.794081,366.61,0.8342556953430176,0.0354309,367.319,0.0,287.756459632,2.23895407685,64.6117329016
0.553815045728,6.85402,1.6155354976654053,367.459914531,5,3528.71754681,0.0064314,0.804683963278,-357.248,3889.99704659,138.546,-357.213,366.722352729,0.10445284843444824,1146,39457.16884803772,37.65726923942566,947.683,0.552925663164,0.552925663164,2928.35434242,0.794268,366.719,0.7899422645568848,0.0351257,367.457,0.0,282.499360901,2.28973288836,319.849960753
0.719792055701,6.85331,1.6447064876556396,367.560765508,5,3556.53089207,0.0099825,0.841013249115,-369.786,3624.02526798,142.531,-369.74,366.893445539,0.10984635353088379,1147,39495.172315359116,37.863197803497314,947.014,0.71935172303,0.71935172303,3390.77863755,0.79419,366.892,0.819190263748169,0.0463867,367.558,0.0,272.269002536,2.30798435259,85.9358798568
0.75835545785,6.85423,1.7259478569030762,367.605877163,5,3587.13533757,0.00986553,0.868251517636,-368.67,3722.61984021,148.825,-368.638,366.936725473,0.1136636734008789,1148,39532.31074357033,37.002912282943726,947.885,0.758643232351,0.758643232351,3367.74815034,0.794315,366.933,0.8879735469818115,0.0323486,367.601,0.0,287.709682488,2.32039363953,140.963423067
0.736690727019,6.85368,1.652078628540039,367.722883773,5,3545.21168884,0.006435,0.886301945321,-368.401,3664.60958836,137.398,-368.371,367.042076477,0.10853290557861328,1149,39569.555996418,37.1148476600647,947.365,0.737574091022,0.737574091022,3399.84330901,0.794276,367.041,0.8179121017456055,0.0298767,367.722,0.0,266.997138576,2.24323839958,92.3488786671
0.724224692071,6.85377,1.592176914215088,367.760858458,5,3597.71671067,0.00996662,0.912802959441,-367.248,3632.32443176,130.254,-367.221,367.092674036,0.10608220100402832,1150,39606.11358475685,36.4233283996582,947.446,0.724586580711,0.724586580711,3532.34445607,0.794325,367.087,0.7492249011993408,0.0270996,367.754,0.0,266.40154031,2.21908055817,35.0364806315
0.709921348539,6.85478,1.6173925399780273,367.726054599,5,3651.5349763,0.00998003,0.925571336346,-370.007,3771.13278688,133.828,-369.977,367.013270294,0.10637903213500977,1151,39641.950920820236,35.71158456802368,948.408,0.710155028978,0.710155028978,3515.57992843,0.794519,367.009,0.7955713272094727,0.0295715,367.721,0.0,280.332510263,2.24669223144,87.6554630845
0.72515200037,6.85618,1.703810214996338,367.733098281,5,3644.08612911,0.00641955,0.939320562538,-371.581,3732.88988035,146.854,-371.554,366.985073377,0.11650657653808594,1152,39678.45955944061,36.37439012527466,949.735,0.727314959592,0.727314959592,3571.0059561,0.79471,366.981,0.8663547039031982,0.0270691,367.73,0.0,281.108502688,2.29220822903,52.8496448737
0.73014032683,6.85484,1.6126890182495117,368.005369313,5,3583.75809058,0.00640838,0.874873636968,-369.988,3678.19406,132.802,-369.961,367.305283423,0.10961294174194336,1153,39714.640547037125,36.04739260673523,948.457,0.729726957349,0.729726957349,3392.16662937,0.794602,367.302,0.792827844619751,0.0278931,368.002,0.0,278.000238418,2.24119316967,100.300616365
0.714953252835,6.85428,1.5881295204162598,368.019753257,5,3606.53884516,0.00970164,0.918681536561,-370.176,3671.71473486,133.976,-370.137,367.2952511,0.10204696655273438,1154,39750.54451441765,35.77811121940613,947.928,0.715674747819,0.715674747819,3534.625732,0.794562,367.294,0.7429032325744629,0.0386353,368.019,0.0,263.339249746,2.23654567695,52.166309458
0.73443938956,6.85409,1.588226556777954,368.051082585,5,3497.0500514,0.00641085,0.901494382208,-367.055,3670.58583256,148.729,-367.029,367.308468718,0.10509943962097168,1155,39787.00496172905,36.33167815208435,947.748,0.733527261949,0.733527261949,3360.58473365,0.794578,367.304,0.7436723709106445,0.0265808,368.046,0.0,251.541911444,2.30170509379,104.01687858
0.726226205865,6.85347,1.6411194801330566,368.336501634,5,3606.99991579,0.00657087,0.909466582646,-370.724,3660.37848075,139.134,-370.69,367.701107668,0.11042547225952148,1156,39822.998597860336,35.86202430725098,947.165,0.727062857283,0.727062857283,3506.05153758,0.794562,367.698,0.805286169052124,0.0346069,368.332,0.0,264.679145828,2.28749256521,53.1191643678
0.746692595157,6.85246,1.6364867687225342,368.292379677,5,3586.69867502,0.00989535,0.901468282619,-370.277,3659.16039229,143.776,-370.242,367.635275554,0.10923171043395996,1157,39859.48941254616,36.35955619812012,946.205,0.746050417647,0.746050417647,3526.56984369,0.794398,367.631,0.8144702911376953,0.0354309,368.287,0.0,267.676297206,2.28007333323,48.6346157296
0.74415218096,6.85282,1.6263847351074219,368.356621653,5,3479.49148033,0.00651945,0.896134764087,-368.319,3662.81987658,136.826,-368.29,367.742344534,0.10568618774414062,1158,39895.54677963257,35.9221305847168,946.544,0.744070746869,0.744070746869,3360.62517672,0.794471,367.739,0.7971897125244141,0.0291748,368.353,0.0,264.435777278,2.21961735523,108.584087708
0.714927029319,6.85273,1.6011979579925537,368.285577249,5,3561.17847923,0.00985639,0.906015750016,-370.105,3735.24478732,149.131,-370.077,367.645600715,0.1037759780883789,1159,39931.130043268204,35.44008827209473,946.466,0.715792423011,0.715792423011,3399.00485742,0.794486,367.642,0.8010132312774658,0.027832,368.282,0.0,275.606197464,2.29924780625,123.275153322
0.72343078967,6.85163,1.6362049579620361,368.229822139,5,3667.50555681,0.00648348,0.920035380793,-371.818,3783.39429002,131.016,-371.794,367.58303442,0.10739326477050781,1160,39967.02247285843,35.75887393951416,945.422,0.722535947981,0.722535947981,3563.56643027,0.794338,367.58,0.849139928817749,0.0240784,368.226,0.0,281.066524793,2.19301837099,74.8795038834
0.740080009195,6.85134,1.563405990600586,368.119085564,5,3628.24882192,0.00998815,0.914062132821,-371.286,3775.74383302,147.885,-371.254,367.483984653,0.09159159660339355,1161,40002.9916074276,35.84489154815674,945.149,0.740987424999,0.740987424999,3537.83440225,0.794352,367.48,0.7101027965545654,0.0316162,368.114,0.0,278.184712019,2.25849649902,81.5392193583
0.724348969962,6.849,1.5648257732391357,368.056592032,5,3701.62605763,0.00997757,0.910573579613,-373.159,3793.98891784,138.954,-373.127,367.424894396,0.09383511543273926,1162,40038.76474905014,35.647435903549194,942.936,0.723583965902,0.723583965902,3554.14570786,0.79409,367.422,0.7027304172515869,0.0317383,368.054,0.0,280.250912508,2.22504541738,87.426930392
0.735667931785,6.84778,1.670058012008667,368.080724856,5,3644.68549561,0.00954898,0.900509891151,-371.066,3715.42100402,146.66,-371.038,367.453375183,0.11208486557006836,1163,40074.57617902756,35.67912673950195,941.79,0.73619154527,0.73619154527,3511.87957253,0.793933,367.451,0.8199939727783203,0.0280457,368.078,0.0,280.169768338,2.25310556401,84.3124837841
0.746123724273,6.84693,1.596341848373413,367.954391753,5,3570.68259617,0.00641586,0.877656870201,-369.111,3756.44959538,140.287,-369.081,367.291669222,0.10498881340026855,1164,40110.24467635155,35.54315662384033,940.992,0.745968474596,0.745968474596,3375.14502521,0.793794,367.288,0.742680549621582,0.0299683,367.95,0.0,278.367822453,2.22014359023,130.425739478
0.74415313407,6.84521,1.5919370651245117,367.953803775,5,3600.56006223,0.0098597,0.912121411739,-370.563,3736.57553682,141.49,-370.535,367.341467456,0.10199999809265137,1165,40145.44969916344,35.07735753059387,939.374,0.743485490632,0.743485490632,3455.28349646,0.793606,367.339,0.7528822422027588,0.0278015,367.952,0.0,277.130741131,2.24562476626,102.550822673
0.723447021662,6.84408,1.6368565559387207,367.77042543,5,3617.82364244,0.00653729,0.92474037576,-370.103,3721.80891665,126.825,-370.077,367.117897987,0.10720348358154297,1166,40181.15318417549,35.567944288253784,938.307,0.723589360465,0.723589360465,3561.26620721,0.793499,367.113,0.8125684261322021,0.0256958,367.766,0.0,273.436127275,2.18963785772,56.1115840491
0.729397589684,6.84315,1.682446002960205,367.855315695,5,3622.99652906,0.00654455,0.933379426329,-369.886,3720.71932742,137.816,-369.862,367.211576578,0.11212968826293945,1167,40217.526517391205,36.24119186401367,937.438,0.730010448703,0.730010448703,3508.9132321,0.79338,367.209,0.8463280200958252,0.0246582,367.851,0.0,274.60729316,2.24477204635,71.8654162773
0.774428272225,6.84205,1.6113848686218262,367.856514842,5,3568.03175724,0.00994522,0.91489138014,-368.93,3645.07716592,148.726,-368.898,367.201936788,0.10028910636901855,1168,40253.53061532974,35.87741136550903,936.406,0.774990858039,0.774990858039,3461.21838115,0.793254,367.199,0.7641880512237549,0.0319519,367.852,0.0,268.788708113,2.26792438068,63.8848703026
0.734711996706,6.84248,1.6241939067840576,367.730468296,5,3623.2110456,0.00640384,0.923208821603,-369.305,3741.31990917,145.045,-369.275,367.029896505,0.10059642791748047,1169,40289.99225592613,36.32913589477539,936.814,0.734369489551,0.734369489551,3504.93219645,0.79331,367.026,0.7619438171386719,0.0295105,367.725,0.0,274.232890576,2.22686417825,82.7917792787
0.739189533033,6.84247,1.676884412765503,367.685961881,5,3573.81986024,0.00648162,0.893947315551,-368.776,3699.77141654,134.398,-368.749,366.987257237,0.11864566802978516,1170,40326.27210354805,36.144999504089355,936.796,0.738959407857,0.738959407857,3505.3766829,0.793364,366.984,0.8331906795501709,0.0270996,367.683,0.0,272.411145135,2.19320160079,68.6000672101
0.712509706933,6.84323,1.7059226036071777,367.630597531,5,3614.81843351,0.00994166,0.9357981959,-370.012,3761.71991141,139.867,-369.977,366.978123393,0.11336374282836914,1171,40362.75092983246,36.3426787853241,937.514,0.713246014365,0.713246014365,3478.90511689,0.793536,366.976,0.8736686706542969,0.0350647,367.628,0.0,276.730054053,2.227184692,105.451346684
0.751724735808,6.84203,1.591639757156372,367.423820028,5,3640.27604626,0.00992518,0.921678668939,-370.192,3746.09458935,155.399,-370.161,366.709826446,0.10740017890930176,1172,40398.9807870388,36.09889197349548,936.388,0.752337453454,0.752337453454,3469.09096117,0.793427,366.706,0.7718706130981445,0.0308228,367.419,0.0,288.586179699,2.29496827414,91.9933627076
0.742050033435,6.84158,1.6152708530426025,367.362746415,5,3636.06153739,0.00977834,0.927305139014,-370.29,3720.0374373,138.803,-370.251,366.632333861,0.10593700408935547,1173,40434.688507556915,35.58088564872742,935.967,0.743118293252,0.743118293252,3549.28337836,0.793417,366.629,0.7862319946289062,0.0392761,367.359,0.0,276.843549447,2.20934035796,70.8158327242
0.754250111857,6.84059,1.691359043121338,367.235044552,5,3519.82063257,0.00975491,0.910257780946,-368.29,3678.59926749,150.266,-368.263,366.533133326,0.11519551277160645,1174,40472.136176109314,37.29267978668213,935.041,0.75406951668,0.75406951668,3415.41156043,0.793294,366.529,0.8807153701782227,0.0261536,367.231,0.0,260.81950678,2.28895512247,90.9979015197
0.731982917635,6.84029,1.6378204822540283,367.100676879,5,3669.89506676,0.00649191,0.904513927101,-370.376,3826.74389155,130.118,-370.348,366.351973518,0.10925555229187012,1175,40509.42845129967,37.15415620803833,934.757,0.731585498211,0.731585498211,3544.84073532,0.793367,366.351,0.8486340045928955,0.0278625,367.098,0.0,274.184675093,2.16493590871,111.751573353
0.712482657008,6.83949,1.60737943649292,367.217331973,5,3617.99250271,0.00995045,0.925126181809,-368.771,3786.72947105,131.946,-368.741,366.504074573,0.10276675224304199,1176,40545.655197143555,36.100358724594116,934.014,0.712221850812,0.712221850812,3438.87829599,0.793268,366.501,0.8195822238922119,0.0298462,367.213,0.0,273.835265883,2.17405296664,118.799781373
0.503822315655,6.83892,1.6241710186004639,367.295408923,5,3300.76301093,0.00649994,0.341519235743,-337.717,3677.04521413,130.045,-337.68,366.554932097,0.10774111747741699,1177,40581.85386919975,36.072436809539795,933.481,0.504788359719,0.504788359719,2295.21387321,0.793186,366.552,0.8088853359222412,0.036438,367.292,0.0,291.075074901,2.19175051307,510.32291801
0.671963878873,6.83842,1.6503548622131348,367.298565776,5,3563.22500271,0.00986716,0.79364158645,-369.243,3654.9996534,140.604,-369.213,366.533500005,0.10558938980102539,1178,40618.80954456329,36.81973838806152,933.012,0.673449102699,0.673449102699,3488.1067935,0.793121,366.53,0.8211383819580078,0.0299377,367.294,0.0,267.857961027,2.24102514759,55.9730886615
0.745451815405,6.83688,1.6370935440063477,367.344416443,5,3518.3775449,0.00997533,0.893653749432,-368.27,3640.41004301,138.188,-368.238,366.594460247,0.10796451568603516,1179,40654.70013833046,35.75232768058777,931.576,0.744839293738,0.744839293738,3448.00171274,0.792929,366.591,0.8022799491882324,0.0317993,367.341,0.0,272.744914349,2.21504880026,70.8233031611
0.71726238677,6.83617,1.6370275020599365,367.257840274,5,3573.27516958,0.00648836,0.929137990474,-369.339,3703.38220211,154.11,-369.311,366.503783602,0.10722947120666504,1180,40690.655121803284,35.82153034210205,930.914,0.71761929553,0.71761929553,3342.81247064,0.792876,366.501,0.8034884929656982,0.0277405,367.255,0.0,263.896382194,2.30706690472,125.932277098
0.763561977552,6.83616,1.6365387439727783,367.317563205,5,3659.14433264,0.00651893,0.922402198902,-369.283,3755.46859076,138.123,-369.254,366.564111697,0.11211895942687988,1181,40726.578986406326,35.792720317840576,930.91,0.763653285201,0.763653285201,3523.2720926,0.792943,366.563,0.8138289451599121,0.0291443,367.317,0.0,271.859720343,2.22883260303,84.4114565372
0.756322288224,6.83522,1.6125202178955078,367.277573245,5,3585.92611917,0.00654334,0.907363098975,-367.584,3643.94249184,136.14,-367.561,366.509803632,0.10947322845458984,1182,40762.696870326996,35.99575614929199,930.032,0.755935163551,0.755935163551,3483.73201296,0.792844,366.504,0.7613825798034668,0.0231018,367.271,0.0,281.476697947,2.21674110389,60.6083735432
0.738306562092,6.83455,1.5944013595581055,367.467712393,5,3538.19569595,0.00981123,0.904175101087,-368.476,3634.79110659,132.679,-368.443,366.726120972,0.10345649719238281,1183,40799.15818762779,36.331387519836426,929.409,0.738695756144,0.738695756144,3340.32063978,0.792789,366.723,0.7612190246582031,0.0332947,367.465,0.0,271.963973103,2.21313862159,111.88065851
0.734711991066,6.83438,1.6434435844421387,367.504989202,5,3696.15528182,0.00996432,0.905034365949,-371.868,3837.10648499,132.585,-371.838,366.744473031,0.11103034019470215,1184,40835.3493077755,36.05883860588074,929.249,0.735808154014,0.735808154014,3543.85229906,0.792773,366.741,0.8243772983551025,0.0298157,367.501,0.0,281.434346929,2.23072297424,97.6534766073
0.736023988202,6.83217,1.611921787261963,367.691008416,5,3630.59149879,0.00642026,0.89699471437,-369.523,3783.47853422,128.914,-369.49,366.931481063,0.11137008666992188,1185,40871.58328914642,36.10117053985596,927.199,0.735024121907,0.735024121907,3420.13240304,0.79255,366.928,0.7774581909179688,0.0333862,367.688,0.0,281.43915812,2.22807599699,138.584936934
0.766122223549,6.83134,1.6307966709136963,367.689014434,5,3641.20037417,0.00640322,0.915111773669,-371.055,3791.88334447,149.629,-371.028,366.907462002,0.10566377639770508,1186,40907.949842453,36.23924517631531,926.429,0.766674856611,0.766674856611,3547.30309701,0.792493,366.905,0.7905635833740234,0.0272522,367.686,0.0,282.32775065,2.31886062403,84.7442334293
0.749319582845,6.83053,1.6749250888824463,367.744000478,5,3585.48338553,0.00645879,0.909919150716,-369.937,3712.95750867,142.063,-369.913,366.973731023,0.10858297348022461,1187,40944.443970918655,36.36311459541321,925.682,0.749240137931,0.749240137931,3510.4879042,0.792436,366.97,0.8537170886993408,0.0238953,367.74,0.0,279.341340118,2.28865317348,68.5764800097
0.754393957425,6.82946,1.6550507545471191,367.872789056,5,3615.95454319,0.00987337,0.905983651721,-370.796,3712.93494533,134.779,-370.763,367.124617943,0.11135983467102051,1188,40981.00387310982,36.422439098358154,924.695,0.754208843978,0.754208843978,3446.18450658,0.792366,367.122,0.8368053436279297,0.0331726,367.87,0.0,280.846698359,2.23665012976,92.3728285469
0.705448368252,6.82962,1.6379249095916748,368.007499264,5,3591.1760293,0.00651182,0.908718587827,-368.734,3669.83441856,143.484,-368.711,367.27125068,0.11066055297851562,1189,41018.88483142853,37.74706292152405,924.84,0.704664553307,0.704664553307,3445.70570359,0.792404,367.268,0.8377525806427002,0.0229492,368.003,0.0,273.386854272,2.29069834074,93.2166383484
0.742005515657,6.82926,1.7076921463012695,367.886882616,5,3625.33722846,0.00986916,0.904898318868,-371.126,3760.00711303,142.952,-371.096,367.08744976,0.11423587799072266,1190,41055.38296532631,36.340903759002686,924.509,0.741287910824,0.741287910824,3526.82328885,0.792406,367.086,0.893505334854126,0.0303955,367.885,0.0,275.137729127,2.25015302295,85.532134079
0.738537525283,6.82811,1.7427830696105957,367.904844427,5,3590.91579199,0.006593,0.923620488095,-369.454,3646.72507472,150.529,-369.425,367.102303575,0.11500811576843262,1191,41092.2392783165,36.720136642456055,923.443,0.738597510958,0.738597510958,3494.85594539,0.792323,367.098,0.8898837566375732,0.0293274,367.9,0.0,277.47822155,2.32822247293,55.8547636529
0.759991864583,6.82706,1.6085307598114014,367.643998976,5,3515.14851835,0.00641249,0.876019422512,-367.382,3607.65831539,150.077,-367.356,366.870412639,0.1012732982635498,1192,41129.146473646164,36.760737657547,922.475,0.759899079901,0.759899079901,3443.45802404,0.792189,366.867,0.7523858547210693,0.0257874,367.64,0.0,265.101099962,2.29432247658,63.9848617831
0.7441354439,6.82687,1.6110012531280518,367.472850226,5,3640.15556844,0.00645565,0.909463447549,-370.974,3929.95472317,139.337,-370.949,366.665478125,0.10478544235229492,1193,41165.105471372604,35.83492636680603,922.303,0.743460006623,0.743460006623,3440.66827829,0.792192,366.663,0.7706127166748047,0.0246582,367.47,0.0,281.997281392,2.22700636905,167.584856406
0.752333918979,6.82655,1.597761631011963,367.522849634,5,3638.98848874,0.00996995,0.91958735457,-370.598,3826.7373061,149.909,-370.569,366.755121839,0.1058807373046875,1194,41201.29626727104,36.056843996047974,922.004,0.751756225963,0.751756225963,3510.63595942,0.792157,366.751,0.7592494487762451,0.0284729,367.519,0.0,286.84455214,2.26402350731,106.259013131
0.774990257691,6.82571,1.626046895980835,367.547516409,5,3585.54958017,0.00649285,0.891062682741,-370.819,3711.47877259,138.405,-370.796,366.880894326,0.1062617301940918,1195,41237.81447792053,36.38653302192688,921.231,0.774970786627,0.774970786627,3477.01534869,0.792175,366.878,0.7723865509033203,0.0227966,367.544,0.0,270.406982694,2.2034946473,77.4837831052
0.720986098864,6.82476,1.6194963455200195,367.399659632,5,3680.01501849,0.0098288,0.897480792173,-369.879,3828.02454809,147.363,-369.846,366.720249695,0.1101527214050293,1196,41273.68244600296,35.733641147613525,920.353,0.721754499098,0.721754499098,3530.49853238,0.792059,366.717,0.7955970764160156,0.0330505,367.396,0.0,284.190404013,2.24559223952,103.685049296
0.751167291729,6.82416,1.603855848312378,367.406285,5,3562.52060237,0.00989974,0.92259094673,-368.833,3613.33413415,141.439,-368.8,366.725540268,0.11354732513427734,1197,41310.75714683533,36.94072699546814,919.801,0.750728994536,0.750728994536,3421.45000094,0.791993,366.722,0.7525405883789062,0.0331726,367.403,0.0,285.268066291,2.22463299443,71.1404259122
0.735788964865,6.82188,1.6765265464782715,367.243586753,5,3656.84462448,0.00653403,0.910557497437,-370.12,3773.0685864,144.139,-370.069,366.543422328,0.1102755069732666,1198,41347.21697306633,36.32802128791809,917.709,0.73627964428,0.73627964428,3519.45144127,0.791732,366.543,0.8372688293457031,0.0502014,367.242,0.0,288.123878494,2.28637250433,101.901124293
0.727874052316,6.8217,1.611816644668579,367.217131033,5,3683.55779769,0.00644272,0.902198188089,-370.661,3774.25998912,131.37,-370.628,366.482861517,0.10387969017028809,1199,41383.33367872238,35.989835262298584,917.544,0.728747632447,0.728747632447,3547.91941957,0.791729,366.479,0.7511353492736816,0.0328674,367.213,0.0,276.205057714,2.22110044023,91.2985313999
0.751970113848,6.82133,1.6464745998382568,367.452902964,5,3568.74889978,0.00646391,0.897537428625,-367.945,3648.11199373,130.168,-367.919,366.74271011,0.10964179039001465,1200,41419.76086258888,36.29261565208435,917.208,0.752688225435,0.752688225435,3484.69493759,0.791715,366.738,0.8187816143035889,0.0262146,367.449,0.0,274.610072571,2.1824645524,68.5071177218
0.71042950896,6.82212,1.670926570892334,367.510141269,5,3641.43757789,0.00640054,0.930767711963,-370.951,3766.26442019,135.614,-370.927,366.800033419,0.11468052864074707,1201,41457.13372540474,37.23559880256653,917.927,0.710657837135,0.710657837135,3593.79168909,0.791815,366.799,0.8352160453796387,0.0232239,367.509,0.0,284.264242818,2.19088241895,63.134308323
0.657894615601,6.82105,1.72127366065979,367.390407108,5,2749.97305083,0.0099367,-0.0770309646778,-289.202,3646.8268604,140.373,-289.164,366.58692952,0.11542487144470215,1202,41494.98480010033,37.69681477546692,916.947,0.658036619947,0.658036619947,-651.67698805,0.791717,366.582,0.8806231021881104,0.0378418,367.385,0.0,251.306500212,2.27121314285,1701.4954601
0.647575174062,6.82036,1.646590232849121,367.565356333,5,3651.27216519,0.00647963,0.745961066147,-371.132,3703.97405053,136.954,-371.106,366.775073769,0.10230326652526855,1203,41532.715841293335,37.58905625343323,916.314,0.648110568131,0.648110568131,3596.36028701,0.791611,366.771,0.7868030071258545,0.0259705,367.561,0.0,291.939074279,2.23152688226,40.3283344465
0.728519573252,6.81928,1.6706626415252686,367.55732432,5,3667.40999743,0.0097962,0.907073920982,-371.285,3741.48714483,144.846,-371.25,366.741135175,0.10851597785949707,1204,41568.549246788025,35.69395971298218,915.327,0.726531862482,0.726531862482,3524.21975387,0.79152,366.739,0.8296761512756348,0.0348511,367.555,0.0,277.28151184,2.27294723883,77.561576095
0.729240026492,6.8199,1.6957249641418457,367.414102117,5,3599.38908441,0.00657383,0.928100136855,-367.427,3670.74489725,139.235,-367.396,366.585877339,0.11194348335266113,1205,41604.55879878998,35.873668909072876,915.894,0.728555359595,0.728555359595,3479.38274573,0.79162,366.583,0.8399016857147217,0.03125,367.411,0.0,274.287743493,2.24631649017,66.6781681901
0.746401428558,6.82014,1.5740928649902344,367.579699639,5,3718.0428702,0.00998048,0.914683837394,-371.526,3840.8442789,141.64,-371.497,366.776284256,0.10638666152954102,1206,41641.11179351807,36.42086672782898,916.11,0.74619220154,0.74619220154,3644.67404933,0.791643,366.773,0.7296459674835205,0.0287476,367.575,0.0,283.26694241,2.2777864647,68.879700406
0.729778011608,6.81669,1.6042087078094482,367.558886329,5,3687.42120486,0.00987648,0.926214813083,-371.58,3855.76241708,147.673,-371.54,366.734697491,0.10254645347595215,1207,41677.624215364456,36.382219076156616,912.955,0.72877010011,0.72877010011,3546.67709488,0.791225,366.731,0.749215841293335,0.0396118,367.555,0.0,280.776526563,2.31650188303,102.633245968
0.755962758599,6.81669,1.6385037899017334,367.712339627,5,3652.74445224,0.00979966,0.900307532456,-371.115,3727.88506557,126.342,-371.055,366.858984296,0.10801219940185547,1208,41713.36039066315,35.60266327857971,912.955,0.756103948004,0.756103948004,3576.53493264,0.791267,366.856,0.8242604732513428,0.0596619,367.708,0.0,275.308305812,2.21554313319,65.1935202202
0.727335519345,6.81638,1.6514818668365479,367.762394499,5,3697.72225696,0.00656838,0.916020912724,-370.884,3762.54466403,152.359,-370.858,366.914158991,0.1092226505279541,1209,41749.46912884712,35.975799322128296,912.672,0.727984163604,0.727984163604,3598.984221,0.791235,366.912,0.8068504333496094,0.0262756,367.76,0.0,282.343843444,2.33928081598,61.6615884473
0.741286463379,6.81673,1.659569501876831,367.745638335,5,3577.33315651,0.00993098,0.900315962574,-367.796,3747.44256159,136.575,-367.766,366.905863237,0.10688638687133789,1210,41785.106271505356,35.49229884147644,912.994,0.742424660484,0.742424660484,3408.25505873,0.79135,366.902,0.8175392150878906,0.0297852,367.741,0.0,276.884451812,2.25407845344,122.789097357
0.733347007812,6.81585,1.642714500427246,367.765340062,5,3563.00278087,0.00650252,0.872826842509,-368.481,3727.13379642,143.982,-368.448,366.89550953,0.10943889617919922,1211,41820.40995025635,35.162779808044434,912.194,0.732922184366,0.732922184366,3421.52612987,0.791269,366.891,0.8243401050567627,0.0331421,367.76,0.0,282.339633575,2.30570357777,99.2686092376
0.718397507193,6.81573,1.5837664604187012,367.880818587,5,3581.77681176,0.00647269,0.919926885456,-370.357,3649.44483568,135.33,-370.327,366.978791636,0.10111546516418457,1212,41856.36340522766,35.82188534736633,912.086,0.717720174835,0.717720174835,3450.68509312,0.791288,366.976,0.7576606273651123,0.0298157,367.877,0.0,278.700567521,2.23842673851,72.2553972333
0.741889014104,6.8152,1.5729022026062012,368.073028461,5,3645.77412626,0.00976801,0.918712963878,-370.38,3719.9546127,147.135,-370.345,367.285184338,0.08571434020996094,1213,41893.83361244202,37.3438835144043,911.6,0.741040106772,0.741040106772,3533.44300712,0.791253,367.282,0.7257511615753174,0.034668,368.069,0.0,279.869633226,2.28160030871,61.9356540629
0.734221272145,6.81408,1.644801139831543,368.106637444,5,3622.05663813,0.00980125,0.917395840522,-370.546,3853.02903821,142.086,-370.52,367.305940434,0.10935187339782715,1214,41931.8768093586,37.90505814552307,910.581,0.734989890804,0.734989890804,3546.88062526,0.791126,367.305,0.8611578941345215,0.0257874,368.104,0.0,268.822381733,2.27032318187,116.522211716
0.724920364191,6.81179,1.6201748847961426,368.212736851,5,3651.97947783,0.00643627,0.932224813953,-370.15,3715.38373794,153.314,-370.12,367.444685084,0.11365032196044922,1215,41968.34135770798,36.328898668289185,908.493,0.724610380591,0.724610380591,3587.86782862,0.790846,367.444,0.8644471168518066,0.0299988,368.21,0.0,284.581248163,2.30651019366,55.3045481148
0.758645181764,6.81114,1.630378007888794,368.223580647,5,3649.99961014,0.00996178,0.872654426245,-370.746,3766.35413207,137.043,-370.716,367.456939011,0.10938596725463867,1216,42005.246036052704,36.7647705078125,907.901,0.758249181654,0.758249181654,3338.82589854,0.790799,367.452,0.8524565696716309,0.0302734,368.219,0.0,280.904933564,2.20688238337,158.866901346
0.734982018222,6.8126,1.635547161102295,368.210268405,5,3643.64666422,0.00645831,0.91078676962,-371.342,3763.23437747,148.462,-371.318,367.466184007,0.11488533020019531,1217,42043.13446998596,37.7466778755188,909.234,0.735683903962,0.735683903962,3556.28941778,0.791036,367.463,0.842334508895874,0.0236206,368.206,0.0,282.624584551,2.2883880558,78.1597814238
0.733756032819,6.81293,1.6374785900115967,368.315107577,5,3646.67120993,0.00641796,0.927690382395,-369.468,3696.00050813,124.908,-369.444,367.57314268,0.11074686050415039,1218,42081.11611032486,37.84361028671265,909.529,0.734295428329,0.734295428329,3590.22592332,0.791125,367.569,0.8482999801635742,0.0242004,368.31,0.0,285.681169987,2.1525109652,37.776122891
0.730438616822,6.81179,1.611391305923462,368.429996594,5,3592.38496193,0.00648039,0.857664842886,-369.086,3748.69676919,134.729,-369.06,367.649315042,0.11311674118041992,1219,42117.67492341995,36.41828536987305,908.496,0.730500307061,0.730500307061,3478.87806732,0.791002,367.645,0.8376221656799316,0.0263672,368.425,0.0,278.929374607,2.19340124433,99.1635923954
0.721318399287,6.81089,1.5633184909820557,368.379074783,5,3597.03827095,0.00647021,0.894328221085,-370.668,3759.10761439,136.848,-370.626,367.562524984,0.10810732841491699,1220,42156.002665281296,38.20023512840271,907.68,0.720743817624,0.720743817624,3471.90891278,0.790906,367.56,0.7702183723449707,0.0417175,368.376,0.0,262.936353331,2.22507935089,108.388982898
0.713385333073,6.81086,1.6863913536071777,368.326311452,5,3647.44462566,0.00969302,0.908763127119,-370.543,3723.78914878,143.423,-370.51,367.535424103,0.11583399772644043,1221,42194.59690093994,38.44711947441101,907.65,0.713514596445,0.713514596445,3536.34981451,0.790901,367.533,0.9293620586395264,0.0329285,368.323,0.0,290.015182718,2.22357672947,79.186031191
0.746065348354,6.81145,1.5529446601867676,368.307538679,5,3630.24214691,0.00643239,0.927279691752,-371.128,3706.97859167,153.278,-371.103,367.523529609,0.10458970069885254,1222,42231.17538905144,36.448973655700684,908.184,0.746431017441,0.746431017441,3575.80019445,0.790999,367.521,0.8265454769134521,0.0257874,368.304,0.0,274.229867924,2.27964615763,53.6260245785
0.731405112004,6.81194,1.5349690914154053,368.006833553,5,3682.48797559,0.00996874,0.931626794619,-370.807,3766.45872321,148.701,-370.78,367.200075875,0.10514140129089355,1223,42267.517063617706,36.21340012550354,908.629,0.731546192271,0.731546192271,3583.58977491,0.791062,367.197,0.7536325454711914,0.0263062,368.003,0.0,288.766393314,2.26638571965,67.6202318861
0.7290177198,6.81198,1.665543556213379,368.097244005,5,3612.06928417,0.00640716,0.916460920352,-369.848,3677.39642387,144.199,-369.826,367.264256308,0.11564803123474121,1224,42305.547964811325,37.88394379615784,908.67,0.72817719996,0.72817719996,3569.91976709,0.791144,367.263,0.906949520111084,0.0220337,368.095,0.0,279.526815532,2.26702397195,40.0669654841
0.662462674933,6.81157,1.6672093868255615,367.838988169,5,2752.20360955,0.00987115,-0.205333836999,-287.038,3741.41099321,147.073,-286.998,366.897526905,0.11560869216918945,1225,42343.00113606453,37.32753658294678,908.299,0.662465477959,0.662465477959,-859.701475662,0.791129,366.892,0.9113669395446777,0.0400696,367.833,0.0,252.07230115,2.27360254199,1806.84123958
0.666599709966,6.81212,1.726905345916748,367.892356196,5,3647.03080524,0.00654945,0.781714906301,-370.444,3718.24052964,137.294,-370.42,366.857143221,0.11846184730529785,1226,42380.512724876404,37.37906241416931,908.794,0.665594328792,0.665594328792,3522.20488452,0.791221,366.854,0.9378840923309326,0.0237427,367.888,0.0,271.97620637,2.21334447912,73.0178699639
0.742774498134,6.81196,1.704838752746582,368.082740629,5,3660.65358026,0.00992492,0.916676223585,-371.583,3696.86964144,136.688,-371.553,367.103692054,0.11299276351928711,1227,42416.69466280937,36.05552911758423,908.648,0.743448398355,0.743448398355,3614.20199267,0.791226,367.1,0.9040839672088623,0.0301208,368.077,0.0,290.535369381,2.21644229305,31.7711356907
0.706916797676,6.81102,1.7292401790618896,368.144116012,5,3662.16956849,0.00647203,0.908231002825,-371.836,3713.9033299,136.363,-371.8,367.164608174,0.1172480583190918,1228,42454.769809007645,37.942694902420044,907.793,0.707727692428,0.707727692428,3590.77677702,0.791106,367.163,0.9035835266113281,0.0362854,368.141,0.0,280.874072611,2.21785482519,48.0593865387
0.709223545161,6.81074,1.7052905559539795,368.310979462,5,3625.08228484,0.00998523,0.917205754628,-369.025,3650.33066387,137.957,-368.986,367.299651305,0.12121939659118652,1229,42493.532314777374,38.62533783912659,907.54,0.70939408751,0.70939408751,3612.92935402,0.791086,367.295,0.8659853935241699,0.0389404,368.305,0.0,275.074131091,2.21103604793,13.1452235557
0.741022382625,6.81045,1.7225751876831055,368.358066986,5,3595.07066241,0.00997879,0.916008580736,-370.624,3657.71073192,142.19,-370.59,367.314457102,0.11597132682800293,1230,42531.64826631546,37.972516775131226,907.276,0.740985484284,0.740985484284,3522.20392628,0.791019,367.312,0.885608434677124,0.033783,368.354,0.0,272.595546223,2.23760176518,52.7411010196
0.634442618963,6.81077,1.7673344612121582,368.141827336,5,2821.09394022,0.00642964,0.330256951379,-290.952,3683.24398434,142.426,-290.911,366.96103278,0.12013721466064453,1231,42569.60628533363,37.8024480342865,907.571,0.634310924638,0.634310924638,-366.362097702,0.791136,366.958,0.9058821201324463,0.040802,368.137,0.0,264.806714935,2.2645512297,1594.45482988
0.694364508442,6.81029,1.6429591178894043,368.034243639,5,3574.13241657,0.00996536,0.786555333371,-370.039,3652.64186978,143.937,-370.012,366.796169747,0.10786008834838867,1232,42605.96327853203,36.217246294021606,907.136,0.694810446768,0.694810446768,3500.65825491,0.791081,366.792,0.8034765720367432,0.0273132,368.029,0.0,270.492675061,2.2692308934,60.0671739516
0.73311028512,6.80874,1.6493546962738037,367.920440314,5,3598.58447808,0.00985012,0.898731524188,-369.893,3756.06305524,151.454,-369.863,366.713643038,0.10833311080932617,1233,42643.22068476677,37.118385791778564,905.731,0.733224739579,0.733224739579,3512.30196357,0.790854,366.709,0.8226213455200195,0.030304,367.916,0.0,282.256250701,2.31582684925,89.9810077441
0.725326257356,6.80776,1.6582424640655518,368.082283997,5,3631.62546855,0.00642141,0.911894872356,-371.201,3729.07633632,146.387,-371.177,366.882677485,0.1103062629699707,1234,42678.430084466934,35.07144474983215,904.844,0.725904852119,0.725904852119,3582.42457808,0.790763,366.88,0.828742265701294,0.0245972,368.078,0.0,275.779598592,2.30879664318,52.3949203226
0.709092982717,6.80838,1.5858755111694336,368.637635749,5,3567.38150709,0.0064301,0.875767106802,-369.443,3703.89556359,126.828,-369.41,367.583602496,0.09609270095825195,1235,42711.92593789101,33.369952917099,905.4,0.710233512572,0.710233512572,3373.96291042,0.790915,367.582,0.6968424320220947,0.0325928,368.635,0.0,272.916146733,2.18655483561,107.082495987
0.675912668335,6.80768,1.5434472560882568,368.655552753,5,3688.94978597,0.00646651,0.901885489814,-372.216,3796.56676464,154.763,-372.188,367.606750608,0.09385275840759277,1236,42745.16892242432,33.11748695373535,904.768,0.676405703188,0.676405703188,3588.99256305,0.790835,367.604,0.6750826835632324,0.0280762,368.652,0.0,276.817867894,2.31449852738,71.2737284235
0.73333648474,6.80708,1.5147535800933838,368.73423543,5,3643.8897864,0.00978819,0.913121040196,-371.932,3908.46360646,138.736,-371.908,367.674020595,0.08280730247497559,1237,42777.97083854675,32.68603825569153,904.227,0.732709803252,0.732709803252,3503.04756758,0.790807,367.672,0.6024553775787354,0.0238037,368.731,0.0,286.982394398,2.22058799399,141.274622546
0.753974021041,6.80323,1.5226240158081055,368.785405691,5,3648.95333206,0.0064739,0.919208873225,-371.465,3749.10201263,144.475,-371.44,367.774440801,0.08342981338500977,1238,42810.58590269089,32.49777102470398,900.749,0.754134891466,0.754134891466,3554.12473937,0.790369,367.771,0.6274614334106445,0.0249023,368.782,0.0,277.083517424,2.25193818166,74.1556243758
0.75173595889,6.80318,1.513725757598877,368.68005823,5,3659.5194859,0.00644606,0.92339531933,-372.353,3787.56160861,134.768,-372.332,367.582641784,0.0887148380279541,1239,42843.57224607468,32.86420822143555,900.708,0.752155794747,0.752155794747,3516.72365662,0.790383,367.58,0.622063159942627,0.0219116,368.676,0.0,268.682169998,2.18031106062,106.426067927
0.687581499739,6.80379,1.5519130229949951,368.797245422,5,3634.86451073,0.00643951,0.838337684996,-369.947,3744.24319639,150.899,-369.908,367.775825366,0.09012365341186523,1240,42877.093943834305,33.39863634109497,901.257,0.688824013476,0.688824013476,3421.93671052,0.79051,367.776,0.6380677223205566,0.0391541,368.796,0.0,283.677295392,2.26300174042,116.122519451
0.557477235328,6.80373,1.5508677959442139,368.404943359,5,2760.61030857,0.00644033,0.838459023888,-290.692,3706.63118251,139.236,-290.657,367.149056984,0.09194803237915039,1241,42910.31441402435,33.093679428100586,901.2,0.557531638983,0.557531638983,-219.368925727,0.790501,367.144,0.6609127521514893,0.0354309,368.398,0.0,251.850369865,2.22403876386,1500.400091
0.677475385612,6.80425,1.5741713047027588,368.397277917,5,3637.64739998,0.00987366,0.790818757217,-371.119,3734.84452051,155.775,-371.086,367.198122033,0.09332752227783203,1242,42943.575412750244,33.140241622924805,901.673,0.677507203905,0.677507203905,3513.40123124,0.790572,367.196,0.6696398258209229,0.0333862,368.393,0.0,276.109560984,2.29513784989,78.6447907153
0.723977513944,6.80503,1.5372874736785889,368.335231183,5,3527.07485957,0.00990621,0.93760731871,-366.8,3610.30287019,147.092,-366.757,367.122756453,0.08464312553405762,1243,42976.46146154404,32.7640426158905,902.372,0.725532198417,0.725532198417,3434.06555353,0.790713,367.119,0.6361749172210693,0.0426636,368.331,0.0,279.251169549,2.26830843157,63.4515298239
0.750760605496,6.80448,1.5332679748535156,368.1531265,5,3553.5573665,0.00996689,0.92413424515,-369.434,3736.00295642,144.158,-369.405,366.924455132,0.08946037292480469,1244,43009.41656756401,32.83492374420166,901.877,0.75166869879,0.75166869879,3415.15208404,0.790648,366.922,0.6337461471557617,0.0287476,368.15,0.0,273.921400733,2.26186224117,109.503822206
0.74616841153,6.80361,1.5246081352233887,368.195842461,5,3628.52459424,0.00991169,0.884125704787,-370.796,3705.44829029,134.206,-370.758,366.89238889,0.0844569206237793,1245,43042.27812933922,32.73741626739502,901.098,0.745910513635,0.745910513635,3554.40348916,0.790561,366.888,0.6388938426971436,0.038147,368.19,0.0,285.138452506,2.29004362689,55.5978648812
0.707091729676,6.80337,1.5193438529968262,368.300656217,5,3681.63753257,0.0065313,0.922782382552,-372.174,3807.00507561,138.124,-372.14,367.026563511,0.08593344688415527,1246,43075.00751328468,32.609103202819824,900.876,0.708511051313,0.708511051313,3569.7555811,0.790521,367.024,0.6323561668395996,0.033905,368.296,0.0,282.809998643,2.27048836775,100.7855553
0.737591523491,6.80341,1.4908392429351807,368.322895368,5,3634.50801261,0.00646066,0.908259636557,-370.362,3669.60569942,146.305,-370.324,367.06025074,0.08408951759338379,1247,43107.65320086479,32.52561545372009,900.915,0.736911290007,0.736911290007,3610.25513308,0.790541,367.056,0.6109147071838379,0.0380249,368.316,0.0,287.087029754,2.30838818699,22.0197425148
0.745598203683,6.80336,1.480924367904663,368.461674364,5,3559.62030899,0.00650037,0.903085245557,-368.902,3600.62671925,136.206,-368.873,367.250752113,0.08404183387756348,1248,43140.11889600754,32.34382247924805,900.869,0.746554964957,0.746554964957,3493.69516631,0.790546,367.248,0.6151537895202637,0.0284424,368.46,0.0,258.738781671,2.2616476525,44.6092090796
0.716224297099,6.80265,1.5172629356384277,368.502953139,5,3641.70865182,0.00995432,0.901716327881,-370.922,3811.18589014,149.993,-370.89,367.28100475,0.0857846736907959,1249,43172.71345591545,32.47602820396423,900.23,0.717179267338,0.717179267338,3512.36945042,0.790479,367.277,0.6379008293151855,0.0317993,368.498,0.0,279.562300665,2.31366881565,108.266038232
0.743627807968,6.80139,1.52504301071167,368.301034193,5,3594.94129931,0.00648964,0.897491260868,-370.374,3717.31395212,148.646,-370.349,367.065880676,0.08437013626098633,1250,43205.29348945618,32.453452825546265,899.098,0.74447518592,0.74447518592,3521.83365176,0.790359,367.063,0.635014533996582,0.0256348,368.297,0.0,273.313782451,2.30846700122,73.0441696693
0.716768050338,6.80068,1.5340943336486816,368.315264671,5,3591.06022414,0.00985951,0.901800921001,-369.294,3750.06697777,140.248,-369.265,367.106442201,0.08306455612182617,1251,43237.80166077614,32.390562772750854,898.459,0.718047437128,0.718047437128,3344.47696967,0.790267,367.105,0.6438133716583252,0.0290222,368.313,0.0,279.370606877,2.22516062403,140.02968789
0.749286167354,6.79971,1.5173583030700684,368.332396593,5,3658.63472852,0.00651087,0.90563009343,-370.6,3757.60392898,156.517,-370.571,367.145747176,0.0820305347442627,1252,43270.610573768616,32.6872878074646,897.591,0.750148408206,0.750148408206,3575.0708422,0.790194,367.141,0.6404249668121338,0.0286865,368.327,0.0,286.585684343,2.30336140827,68.5265796139
0.740140750852,6.79918,1.5477418899536133,368.193103573,5,3665.84500935,0.00996373,0.915134896409,-371.81,3849.98619863,142.442,-371.777,366.965273058,0.08750748634338379,1253,43303.77348256111,33.032620668411255,897.108,0.739346392595,0.739346392595,3574.08849447,0.790166,366.962,0.6480791568756104,0.032196,368.189,0.0,288.589590369,2.23835504438,102.444441942
0.714013082929,6.79841,1.5338268280029297,368.225044095,5,3532.67779555,0.00651043,0.894267140683,-368.31,3632.80299245,142.42,-368.285,367.012991777,0.08740854263305664,1254,43336.4016931057,32.50002312660217,896.425,0.713364642853,0.713364642853,3379.09769236,0.790064,367.009,0.627680778503418,0.0248108,368.22,0.0,262.178597007,2.24904290806,85.5545334886
0.703372861553,6.79808,1.5288004875183105,368.23377168,5,3657.81703045,0.00654913,0.906166637485,-371.036,3839.92145957,145.169,-371.002,367.063953451,0.08200740814208984,1255,43369.01950955391,32.498305559158325,896.126,0.703814008513,0.703814008513,3534.85496639,0.790067,367.06,0.6087703704833984,0.0330811,368.229,0.0,273.780754472,2.28072616789,101.232836891
0.70833741463,6.79707,1.552081823348999,368.295888979,5,3619.49691131,0.00976396,0.928905308603,-370.63,3715.74182189,142.784,-370.601,367.135787199,0.08487343788146973,1256,43401.8149228096,32.67038416862488,895.223,0.707947351125,0.707947351125,3547.59148065,0.789927,367.134,0.6115937232971191,0.0290527,368.293,0.0,272.915179307,2.24065383618,57.8605893751
0.556407430328,6.79758,1.5361096858978271,368.234535281,5,2914.48295697,0.00646357,0.651494745664,-299.008,3721.61655546,131.623,-298.977,366.835666692,0.08610010147094727,1257,43434.40589141846,32.46363949775696,895.677,0.556055973807,0.556055973807,44.2860896119,0.790033,366.833,0.6307828426361084,0.0303345,368.231,0.0,270.085239064,2.19857134474,1437.86636581
0.670873638514,6.79668,1.5703067779541016,368.27977131,5,3622.46542314,0.00982331,0.817225141609,-370.254,3752.51887892,143.661,-370.221,366.914778673,0.08800268173217773,1258,43467.67702937126,33.14744329452515,894.868,0.671000501956,0.671000501956,3471.36054979,0.789888,366.911,0.643197774887085,0.03302,368.274,0.0,284.175554689,2.28602754393,89.4155141069
0.736912301195,6.80007,1.5640769004821777,368.315667537,5,3689.95026783,0.00986354,0.912695290656,-373.2,3785.48930346,140.236,-373.167,366.956330472,0.09348011016845703,1259,43501.01471495628,33.21031999588013,897.909,0.735742460257,0.735742460257,3621.61851559,0.790382,366.954,0.698716402053833,0.0328979,368.312,0.0,291.355672895,2.25378743038,60.7567126573
0.753773996239,6.7992,1.592020034790039,368.380988106,5,3626.82170186,0.00984323,0.89498405907,-371.243,3722.90113317,147.458,-371.212,367.050165729,0.09519124031066895,1260,43534.48603248596,33.34940528869629,897.128,0.753800196232,0.753800196232,3526.3710451,0.790298,367.047,0.7002265453338623,0.0315247,368.377,0.0,287.073154951,2.30437165766,69.7558921381
0.555760171007,6.79903,1.5242669582366943,368.310397452,5,3117.76578998,0.00640337,0.740725021505,-319.113,3687.87462112,151.186,-319.075,366.86879709,0.08729052543640137,1261,43567.19549417496,32.586313247680664,896.979,0.55573946246,0.55573946246,1020.33151086,0.790355,366.865,0.6116175651550293,0.0378723,368.307,0.0,283.074645128,2.34420129252,1049.36087466
0.622851159677,6.79895,1.5270040035247803,368.503918516,5,3637.02251894,0.00645541,0.797249237636,-371.344,3693.44328514,137.635,-371.316,367.052135018,0.08661556243896484,1262,43599.8210670948,32.50333309173584,896.905,0.622914228172,0.622914228172,3550.67230014,0.790363,367.048,0.6136071681976318,0.0283813,368.499,0.0,279.933421678,2.25530629683,47.5289095544
0.507176861963,6.79839,1.5424976348876953,368.565292443,5,3304.64529479,0.00970897,0.425926844055,-339.301,3633.5641637,141.502,-339.261,367.107850708,0.08615994453430176,1263,43632.34314250946,32.400681257247925,896.399,0.506887280091,0.506887280091,2066.09830372,0.790314,367.105,0.6525876522064209,0.0401917,368.562,0.0,281.971925532,2.25303816748,619.455417312
0.656180981047,6.79725,1.5345439910888672,368.459975571,5,3659.80532997,0.00998274,0.835476547453,-372.067,3838.17252512,145.292,-372.03,366.931185576,0.08731770515441895,1264,43665.342656850815,32.87837767601013,895.384,0.656173307332,0.656173307332,3563.06850449,0.79022,366.929,0.6264190673828125,0.0367432,368.456,0.0,277.950503036,2.27788320494,96.116798648
0.739847539629,6.79704,1.5413522720336914,368.49903916,5,3599.01805779,0.00648379,0.893771408627,-370.832,3756.59515307,149.544,-370.803,366.99488035,0.08875465393066406,1265,43698.339143276215,32.87667727470398,895.197,0.739983546071,0.739983546071,3481.09972551,0.7902,366.992,0.6415648460388184,0.0292664,368.495,0.0,275.757632469,2.29626824858,99.1091508226
0.723486271211,6.79656,1.5314199924468994,368.533772417,5,3629.26224975,0.00985874,0.897164248207,-371.317,3863.10564351,133.7,-371.277,366.965012297,0.0864095687866211,1266,43731.24711084366,32.784085750579834,894.767,0.723708024086,0.723708024086,3413.52658545,0.790179,366.963,0.6352038383483887,0.0398865,368.53,0.0,280.670315546,2.2236648471,143.700165343
0.752013035508,6.79625,1.5263407230377197,368.473425353,5,3614.1700655,0.00653586,0.898894188098,-370.079,3737.709387,164.588,-370.048,366.97422429,0.09021162986755371,1267,43764.44057035446,33.07299089431763,894.483,0.751176653512,0.751176653512,3514.48877849,0.790155,366.969,0.6429901123046875,0.0303955,368.467,0.0,278.281237982,2.36788142392,77.9488301431
0.744651891382,6.79547,1.606299638748169,368.500557759,5,3622.64500385,0.00642253,0.902847928119,-371.483,3761.5243598,138.294,-371.46,366.994023504,0.10384225845336914,1268,43798.05241274834,33.486711502075195,893.79,0.745131369286,0.745131369286,3530.70748188,0.790052,366.991,0.7497537136077881,0.0234985,368.497,0.0,286.942350045,2.24153487751,83.9260951583
0.713576655483,6.79438,1.5408306121826172,368.634600779,5,3723.98227379,0.00999476,0.90805516707,-373.779,3778.76683759,137.555,-373.753,367.142098947,0.08919906616210938,1269,43831.213763237,33.04032325744629,892.812,0.713509005229,0.713509005229,3664.5962717,0.790021,367.139,0.6365373134613037,0.0263367,368.63,0.0,277.329878107,2.23541784479,37.441837077
0.753926776836,6.79249,1.5162861347198486,368.49219536,5,3614.58364312,0.00998001,0.918392447984,-369.596,3725.51380087,160.612,-369.566,367.002875032,0.08388876914978027,1270,43863.75028038025,32.41592264175415,891.134,0.753159778286,0.753159778286,3432.01421098,0.789802,366.999,0.6139791011810303,0.0298157,368.486,0.0,281.318920337,2.3411706223,98.1064306006
0.739732941346,6.79037,1.5249817371368408,368.513268924,5,3649.47710151,0.00983104,0.925239070518,-371.994,3726.35795415,126.989,-371.963,366.990101732,0.08338046073913574,1271,43896.59457230568,32.72032284736633,889.244,0.738835728271,0.738835728271,3533.34890222,0.789537,366.986,0.6376125812530518,0.0313721,368.508,0.0,281.87010054,2.17149641016,69.538166216
0.703991075999,6.78887,1.5321097373962402,368.48639396,5,3591.50186322,0.00976806,0.892306216177,-370.857,3772.45969088,142.961,-370.828,366.959964445,0.08507966995239258,1272,43929.897632837296,33.18137884140015,887.911,0.703899547351,0.703899547351,3444.47254906,0.789341,366.957,0.6370978355407715,0.0285034,368.481,0.0,280.936463235,2.24869879253,106.591809726
0.721219421663,6.78971,1.5250813961029053,368.585644125,5,3638.10700402,0.0066194,0.908642403924,-372.435,3766.36627806,147.15,-372.406,367.064907625,0.08825421333312988,1273,43963.06810283661,33.0487220287323,888.654,0.721644837167,0.721644837167,3476.91346015,0.789509,367.063,0.6282856464385986,0.0289307,368.583,0.0,284.324192912,2.25336739046,107.974664051
0.58627545047,6.79029,1.529797077178955,368.55856038,5,3040.60029681,0.00993159,-0.745421433289,-312.199,3719.69673876,139.776,-312.161,366.928700329,0.08539605140686035,1274,43995.946456193924,32.75747776031494,889.169,0.586173719362,0.586173719362,655.560597264,0.789612,366.924,0.622471809387207,0.0379944,368.554,0.0,288.171186102,2.25129658484,1193.46101693
0.693835877236,6.7889,1.5190107822418213,368.590778452,5,3606.96758541,0.00991987,0.783469947382,-370.545,3714.00960182,139.495,-370.517,367.012978861,0.08596515655517578,1275,44028.80040168762,32.73897624015808,887.935,0.693762872563,0.693762872563,3547.94872627,0.789446,367.009,0.6118772029876709,0.0276184,368.585,0.0,286.161403594,2.25368504778,56.4963820579
0.707488448867,6.78852,1.5309159755706787,368.597959526,5,3580.66969907,0.00995899,0.878410036274,-369.223,3718.70307549,143.649,-369.186,366.957722319,0.08807945251464844,1276,44061.63951206207,32.71643376350403,887.599,0.709729973216,0.709729973216,3430.55812719,0.789477,366.955,0.6333920955657959,0.037323,368.595,0.0,294.458704326,2.25607042879,94.2753468509
0.715195928304,6.78845,1.5309202671051025,368.660327815,5,3586.22025534,0.00974664,0.880947954236,-369.674,3710.02918456,133.221,-369.642,367.049823596,0.08866405487060547,1277,44094.93044948578,33.17367386817932,887.533,0.715584860846,0.715584860846,3463.19663721,0.789524,367.046,0.6382999420166016,0.0326538,368.655,0.0,283.4697622,2.2160610967,80.8307089059
0.745293632581,6.78879,1.558899164199829,368.908954859,5,3573.24291947,0.00655591,0.898980408327,-370.557,3618.24689845,124.276,-370.53,367.298889971,0.09805035591125488,1278,44128.19294857979,33.1441285610199,887.839,0.74524224844,0.74524224844,3502.84665306,0.789602,367.296,0.6917319297790527,0.0275269,368.906,0.0,267.922921403,2.1834235472,42.4870997989
0.738049296033,6.78857,1.5333521366119385,368.799342398,5,3560.63192787,0.00652354,0.892412935052,-370.789,3646.94541933,145.93,-370.76,367.134273819,0.08252167701721191,1279,44161.17108416557,32.85540461540222,887.647,0.739289474176,0.739289474176,3456.5877064,0.7896,367.13,0.6365869045257568,0.0284119,368.794,0.0,281.368716515,2.27818029888,67.6908725051
0.745436334796,6.78919,1.527902364730835,368.775268858,5,3651.06329895,0.00994739,0.923067478796,-371.677,3758.25493692,149.342,-371.649,367.185629582,0.09339189529418945,1280,44194.19291138649,32.900508403778076,888.193,0.746494954608,0.746494954608,3528.12294835,0.789666,367.182,0.6506690979003906,0.0279236,368.771,0.0,287.031652537,2.28043712974,81.1466825512
0.756412285871,6.78886,1.502748727798462,368.885647259,5,3604.87317657,0.00996957,0.895478223648,-371.167,3749.51267925,135.925,-371.136,367.315271481,0.08549261093139648,1281,44227.08038973808,32.7650728225708,887.901,0.756610715237,0.756610715237,3500.5079222,0.789684,367.312,0.6203157901763916,0.0305481,368.882,0.0,273.698974448,2.23715689597,106.307402761
0.715698441366,6.78742,1.50581955909729,368.889414831,5,3643.95651765,0.00989789,0.931201458863,-371.732,3708.08936545,141.406,-371.703,367.298171951,0.08129763603210449,1282,44259.93113565445,32.72632622718811,886.625,0.715990369063,0.715990369063,3575.52979232,0.789497,367.295,0.6200611591339111,0.02948,368.885,0.0,280.689756056,2.27171605149,48.0792691588
0.752290246142,6.78749,1.4860222339630127,369.028748065,5,3610.74848919,0.00647223,0.882401677018,-371.842,3716.91069275,136.687,-371.814,367.454958605,0.09592580795288086,1283,44292.881467819214,32.822057247161865,886.682,0.751083830338,0.751083830338,3500.56214316,0.789505,367.452,0.6313261985778809,0.0280457,369.025,0.0,267.976705573,2.23198446906,81.0001722771
0.690428438287,6.78715,1.5166161060333252,369.228295816,5,3683.11695963,0.00658766,0.926418396497,-373.462,3767.40836933,133.091,-373.432,367.643093132,0.0848398208618164,1284,44325.831361055374,32.83079147338867,886.388,0.688689466824,0.688689466824,3586.15435865,0.789468,367.642,0.6541876792907715,0.0301819,369.226,0.0,286.919435713,2.21277234831,70.7477957498
0.742427291217,6.78662,1.5171070098876953,369.439455626,5,3670.76784768,0.00988857,0.915718605978,-372.739,3807.13207495,138.835,-372.702,367.911902457,0.09030747413635254,1285,44358.66722726822,32.71783757209778,885.916,0.742292195305,0.742292195305,3588.45849302,0.789469,367.907,0.6558411121368408,0.036499,369.434,0.0,279.490760767,2.26529222107,72.8317195217
0.613896270898,6.78651,1.5181193351745605,369.233611837,5,2834.23960749,0.0097767,0.451507317919,-289.729,3833.13652573,135.379,-289.687,367.47338258,0.08676338195800781,1286,44391.62998628616,32.84429383277893,885.814,0.613750537829,0.613750537829,-605.07776811,0.789507,367.47,0.6431114673614502,0.0413208,369.229,0.0,270.26678245,2.24052857147,1724.68863177
0.671348718618,6.78605,1.5407910346984863,369.348705885,5,3531.72382321,0.00657625,0.79081193215,-369.025,3655.33376475,142.418,-368.996,367.62959681,0.0892171859741211,1287,44424.942658662796,33.18671655654907,885.409,0.671767135195,0.671767135195,3381.93323909,0.789453,367.627,0.6518955230712891,0.0288696,369.345,0.0,265.2268609,2.26879355943,90.8337140274
0.745521530792,6.78533,1.538928508758545,369.415362963,5,3717.97023509,0.00644264,0.900342982044,-374.502,3777.94081844,138.305,-374.479,367.722213622,0.08884787559509277,1288,44458.08424115181,33.00775384902954,884.77,0.745684221752,0.745684221752,3619.11729257,0.789382,367.718,0.6552848815917969,0.0227051,369.41,0.0,285.928922533,2.24333378145,54.3988593784
0.732738874283,6.7844,1.5447745323181152,369.377686864,5,3655.70490397,0.00640121,0.91251761766,-372.419,3853.91332495,138.186,-372.395,367.635147086,0.08041024208068848,1289,44491.433200359344,33.2266526222229,883.954,0.734078714106,0.734078714106,3541.40835855,0.789283,367.633,0.6205959320068359,0.0232849,369.375,0.0,278.716966934,2.27778211091,110.887055167
0.739179469604,6.78439,1.5514805316925049,369.496486408,5,3616.78732925,0.0098097,0.891247802996,-372.116,3743.77502296,144.633,-372.085,367.819300141,0.09275364875793457,1290,44524.68454313278,33.1329448223114,883.937,0.740033369418,0.740033369418,3454.82536298,0.789366,367.816,0.6637701988220215,0.0305481,369.492,0.0,281.681006575,2.28898513052,126.358739571
0.735715490966,6.78415,1.5280420780181885,369.425146705,5,3574.73523879,0.00645548,0.912240976627,-369.702,3666.88396486,143.947,-369.677,367.773922761,0.08527588844299316,1291,44557.40091967583,32.594897508621216,883.731,0.735723886345,0.735723886345,3512.2384803,0.789349,367.77,0.6286492347717285,0.0254211,369.419,0.0,266.933344781,2.27677951486,68.9106360099
0.704222109457,6.78398,1.5354721546173096,369.497407497,5,3573.26896945,0.0064821,0.879532518915,-370.61,3639.22516226,143.129,-370.579,367.890509829,0.08676385879516602,1292,44590.45195531845,32.93130874633789,883.58,0.70405771356,0.70405771356,3456.79411477,0.789342,367.888,0.6290023326873779,0.0308228,369.494,0.0,265.321769312,2.26607444497,62.8412147588
0.726565444559,6.78356,1.5337603092193604,369.494878938,5,3567.07625718,0.00647874,0.89971965292,-371.135,3652.03552808,135.021,-371.11,367.870401621,0.08406591415405273,1293,44623.57738828659,33.00334882736206,883.209,0.726698773574,0.726698773574,3495.8612111,0.789295,367.865,0.6304507255554199,0.0251465,369.489,0.0,259.854229439,2.22990251453,52.3687223194
0.723009005788,6.78309,1.5262162685394287,369.666676034,5,3677.36839356,0.00649319,0.893014710395,-373.073,3756.52330584,129.951,-373.049,368.029652671,0.08454775810241699,1294,44656.2340900898,32.532512187957764,882.79,0.723501888327,0.723501888327,3533.32335513,0.78925,368.028,0.6184358596801758,0.023468,369.663,0.0,295.503389639,2.21482919879,77.3562567129
0.520499964368,6.78264,1.5333971977233887,369.632870075,5,3354.80344219,0.00994719,0.493511584071,-344.25,3669.95677862,147.323,-344.211,367.970330166,0.08199238777160645,1295,44688.81942939758,32.47015404701233,882.391,0.520236358598,0.520236358598,2249.75859013,0.789262,367.967,0.611802339553833,0.0387573,369.629,0.0,287.182369351,2.28460577606,553.379541738
0.687872728612,6.78266,1.526249885559082,369.590173343,5,3662.97525825,0.00996304,0.830351131104,-373.353,3779.86496384,153.9,-373.317,367.92816576,0.08433222770690918,1296,44721.833954811096,32.89516305923462,882.417,0.687322634411,0.687322634411,3561.837264,0.789303,367.927,0.6194965839385986,0.0358582,369.588,0.0,286.489298227,2.30615534422,73.8130410708
0.715424840249,6.7821,1.541245698928833,369.410081265,5,3627.78784274,0.00642177,0.909328438365,-372.275,3712.64831094,140.341,-372.25,367.737478517,0.08804059028625488,1297,44754.97473502159,33.019033670425415,881.923,0.716283974228,0.716283974228,3564.42150193,0.789235,367.733,0.6466929912567139,0.0250549,369.406,0.0,279.263559237,2.22718956051,50.3414416001
0.74392297002,6.782,1.5339164733886719,369.447868146,5,3596.0320599,0.00991808,0.888531328515,-371.368,3640.96675478,140.176,-371.34,367.764766918,0.08904838562011719,1298,44787.87403225899,32.77421522140503,881.832,0.744857025473,0.744857025473,3489.69113596,0.789218,367.761,0.6372413635253906,0.0274658,369.442,0.0,277.897672055,2.22951048768,54.4098512601
0.714862063418,6.78273,1.5153636932373047,369.597482155,5,3566.70782662,0.00640624,0.915385490185,-372.206,3722.79761235,138.799,-372.182,367.97726814,0.08552193641662598,1299,44821.063764333725,33.06909203529358,882.475,0.7148730694,0.7148730694,3460.03986878,0.789363,367.974,0.6293292045593262,0.0237732,369.593,0.0,272.273028677,2.21990082856,89.2696058446
0.635655706399,6.78279,1.53281569480896,368.950776032,5,2716.91631313,0.0064018,0.108789878556,-288.85,3574.86309502,146.629,-288.809,367.101161414,0.08579444885253906,1300,44854.56803059578,33.38059639930725,882.531,0.635727568167,0.635727568167,-569.275868849,0.789401,367.098,0.639711856842041,0.0407104,368.947,0.0,242.440862378,2.25460779609,1643.45083631
0.655640038402,6.78304,1.5109987258911133,368.957654316,5,3580.91080405,0.00650305,0.78426350494,-371.573,3675.19663992,138.563,-371.546,367.138479423,0.08643555641174316,1301,44887.66047501564,32.970179080963135,882.747,0.65623999532,0.65623999532,3438.27163977,0.789459,367.137,0.6369116306304932,0.0264893,368.955,0.0,277.838437754,2.24801727197,80.6053242245
0.737479662014,6.78224,1.485511302947998,369.03336895,5,3673.54415792,0.00970075,0.89229159279,-372.441,3763.98849405,138.767,-372.415,367.235453481,0.09128928184509277,1302,44920.60926938057,32.830686807632446,882.04,0.737170556506,0.737170556506,3639.30899621,0.789383,367.231,0.6103875637054443,0.0254211,369.028,0.0,292.117045622,2.27049260882,45.8645479358
0.701977425388,6.78272,1.5157694816589355,369.172046162,5,3591.81796468,0.00999026,0.877510938169,-371.156,3673.4228621,140.603,-371.134,367.489202547,0.08378458023071289,1303,44953.66136240959,32.932194232940674,882.462,0.703430428213,0.703430428213,3552.3798478,0.789547,367.486,0.6432614326477051,0.0222778,369.167,0.0,271.293258461,2.28728344552,43.3859761512
0.540624791048,6.78159,1.5636405944824219,369.13786011,5,3073.66757196,0.0098174,0.758572278254,-308.327,3784.64083875,138.958,-308.283,367.357176296,0.09078049659729004,1304,44986.759417295456,32.97511410713196,881.466,0.540711700698,0.540711700698,346.944630011,0.789409,367.356,0.6879615783691406,0.044342,369.135,0.0,290.362740275,2.26292733495,1363.61493713
0.678963026537,6.78181,1.533205270767212,369.005765629,5,3592.18755107,0.00987191,0.801799126863,-371.652,3692.88367946,141.783,-371.616,367.163169888,0.0880885124206543,1305,45020.09113574028,33.21376633644104,881.66,0.679159243256,0.679159243256,3526.20822417,0.789451,367.164,0.656482458114624,0.0361023,369.007,0.0,272.177587687,2.2420232699,61.5639468088
0.71482560409,6.7814,1.5410807132720947,369.222823519,5,3627.64441586,0.00995433,0.873574192853,-368.521,3720.65271945,144.291,-368.484,367.496135403,0.0913090705871582,1306,45053.64547586441,33.422672748565674,881.302,0.714482035668,0.714482035668,3510.90476575,0.78943,367.49,0.655123233795166,0.0366516,369.214,0.0,278.78631128,2.27416449674,79.0793627731
0.720092556764,6.78129,1.553992748260498,369.268076741,5,3496.91550137,0.00642599,0.910172355311,-368.738,3553.37146006,133.144,-368.712,367.555094408,0.0949404239654541,1307,45087.12827849388,33.35811948776245,881.206,0.720136392478,0.720136392478,3437.1068489,0.789449,367.552,0.6446394920349121,0.0257568,369.264,0.0,267.775285151,2.23251652893,44.9731324921
0.726721118776,6.78021,1.5317418575286865,369.238635921,5,3637.34199432,0.00643878,0.904061574347,-372.779,3705.14785921,141.975,-372.755,367.501070393,0.08989977836608887,1308,45120.03664112091,32.78549075126648,880.256,0.726369580561,0.726369580561,3558.16633535,0.789368,367.497,0.6368381977081299,0.0246277,369.233,0.0,284.140308884,2.28290185227,49.6070211487
0.73325391675,6.78109,1.5399243831634521,369.193802224,5,3622.25402098,0.0064866,0.922368823839,-373.123,3719.73683408,137.301,-373.1,367.492145159,0.0841376781463623,1309,45152.97732043266,32.822298765182495,881.027,0.734318684981,0.734318684981,3523.55573264,0.789502,367.489,0.627612829208374,0.0228882,369.188,0.0,281.474765102,2.25122451822,81.6296511328
0.513287741491,6.78136,1.5472805500030518,368.948812578,5,3245.96690582,0.00643066,0.743034309238,-336.994,3672.08643881,146.322,-336.963,367.144050516,0.08595037460327148,1310,45185.78672790527,32.683154344558716,881.266,0.51261458438,0.51261458438,1860.26420956,0.78961,367.142,0.64200758934021,0.0308838,368.945,0.0,286.486019021,2.2730109847,695.516377989
0.637177031881,6.78025,1.5516183376312256,369.08101613,5,3597.1633275,0.00995299,0.782543742294,-371.102,3769.31055278,147.529,-371.075,367.354891431,0.08504199981689453,1311,45218.94818878174,33.045429706573486,880.289,0.637499800857,0.637499800857,3467.55312112,0.789501,367.353,0.6260943412780762,0.0275269,369.077,0.0,276.938512187,2.27528422949,103.604954282
0.712136713865,6.78073,1.5245404243469238,368.803580563,5,3706.11402049,0.00956021,0.917752391217,-372.965,3828.53719121,153.036,-372.931,366.97593933,0.0860605239868164,1312,45251.73761343956,32.66743350028992,880.713,0.71286223056,0.71286223056,3629.51515966,0.789572,366.972,0.6289153099060059,0.0342407,368.798,0.0,275.891237056,2.31847296476,65.9469317487
0.736664283745,6.77983,1.5402703285217285,368.8062726,5,3636.63229159,0.00640215,0.918498918024,-371.995,3749.65041867,144.84,-371.972,367.064272197,0.08167815208435059,1313,45284.50096940994,32.645103216171265,879.921,0.738355097774,0.738355097774,3543.45869749,0.789475,367.059,0.6169507503509521,0.0234985,368.8,0.0,286.499930833,2.25693871953,72.8972809464
0.73813050238,6.77912,1.533477783203125,368.381374355,5,3678.88068448,0.00648884,0.917706087278,-371.711,3760.42148037,163.025,-371.684,366.590246575,0.08763623237609863,1314,45317.71489858627,33.09253692626953,879.296,0.737496732419,0.737496732419,3542.10931478,0.789441,366.588,0.6233706474304199,0.0274048,368.378,0.0,285.346666731,2.34766569151,85.9756020162
0.751738964243,6.77836,1.545304298400879,368.14865271,5,3608.00625207,0.00988531,0.912624665841,-370.481,3665.49633968,150.803,-370.452,366.313402219,0.09084868431091309,1315,45351.339324474335,33.49878263473511,878.623,0.752109840594,0.752109840594,3552.42394579,0.789358,366.309,0.6708188056945801,0.0290833,368.143,0.0,266.645083214,2.32048540822,40.7910225297
0.741222067846,6.7777,1.532567024230957,368.257641033,5,3627.12359403,0.00983656,0.930225730888,-372.624,3676.86698404,136.154,-372.579,366.424786076,0.0949561595916748,1316,45384.53845453262,33.077030181884766,878.044,0.741753865706,0.741753865706,3544.69875984,0.789334,366.422,0.6297569274902344,0.0445862,368.255,0.0,293.425652217,2.25589642144,45.7585871341
0.717234720918,6.77761,1.5540728569030762,368.189646407,5,3533.02840368,0.00649747,0.886335453157,-369.271,3794.35012549,152.96,-369.24,366.348445581,0.0932302474975586,1317,45418.165155887604,33.50240206718445,877.965,0.718385097817,0.718385097817,3246.14510521,0.789344,366.344,0.6751751899719238,0.0317688,368.185,0.0,267.385536755,2.32350803007,194.585142988
0.775896888471,6.77669,1.5553789138793945,367.994421887,5,3581.65175796,0.0099452,0.901677192112,-370.662,3721.10966637,150.298,-370.629,366.137998062,0.08866405487060547,1318,45452.209172964096,33.921411991119385,877.159,0.77641580559,0.77641580559,3378.59170321,0.789224,366.135,0.6357512474060059,0.0331116,367.991,0.0,279.079958341,2.26542970941,121.280551336
0.723980408894,6.77453,1.5767855644226074,367.755361778,5,3634.1652788,0.00644623,0.896644823994,-372.267,3701.99060632,140.005,-372.242,365.940289969,0.09636497497558594,1319,45485.70063996315,33.36646914482117,875.266,0.723827536278,0.723827536278,3503.18122631,0.789004,365.94,0.6917412281036377,0.0257263,367.754,0.0,291.236862269,2.20468279175,68.5135097925
0.508796244677,6.77449,1.5576019287109375,367.706264902,5,3400.66099698,0.00991949,0.663519623927,-349.066,3714.45257128,126.936,-349.019,365.834629617,0.0890653133392334,1320,45519.542874097824,33.715606689453125,875.234,0.508487268815,0.508487268815,2502.30116437,0.789009,365.831,0.6655278205871582,0.0471802,367.702,0.0,270.248514991,2.16449725899,452.162391851
0.679957778233,6.77501,1.5547394752502441,367.578809764,5,3637.56360636,0.00996663,0.874977594293,-370.968,3719.45919221,153.915,-370.932,365.687484135,0.09219479560852051,1321,45552.96248245239,33.292457818984985,875.689,0.680421906032,0.680421906032,3515.51022643,0.789077,365.684,0.6708250045776367,0.0358276,367.573,0.0,285.327691834,2.31016713036,73.8670788653
0.688799623002,6.776,1.5647051334381104,367.431602974,5,3706.45484419,0.00641599,0.918946486219,-373.084,3777.99376276,141.077,-373.059,365.571357687,0.09147238731384277,1322,45586.13446807861,33.046358823776245,876.555,0.689076782173,0.689076782173,3613.45208388,0.789204,365.568,0.6715855598449707,0.0247498,367.427,0.0,288.809808098,2.27134965829,62.968506045
0.739264075206,6.77486,1.5341391563415527,367.425081639,5,3595.70440948,0.00965636,0.920805195403,-371.345,3657.07501991,137.574,-371.308,365.55532813,0.0901792049407959,1323,45619.69296383858,33.4385085105896,875.554,0.739078082694,0.739078082694,3540.74431716,0.789041,365.552,0.6261305809020996,0.0378113,367.421,0.0,285.155119681,2.270601651,46.4903198156
0.72917021375,6.77469,1.550595760345459,367.632050827,5,3677.84544244,0.00644933,0.902805047315,-372.437,3807.26375738,132.355,-372.41,365.764884794,0.09112548828125,1324,45653.65069293976,33.83633255958557,875.41,0.729379832134,0.729379832134,3595.73204118,0.789046,365.763,0.6739587783813477,0.0271912,367.629,0.0,288.929331205,2.22290043567,72.6951911812
0.733958516515,6.77439,1.5549888610839844,367.635560728,5,3656.8857854,0.00994141,0.887095154717,-371.138,3797.94836421,142.777,-371.103,365.73858923,0.09708809852600098,1325,45687.193667411804,33.41717839241028,875.143,0.73471565498,0.73471565498,3485.18626189,0.789053,365.735,0.6752340793609619,0.0356445,367.631,0.0,275.677943098,2.27757351471,107.091582943
0.734769616139,6.77377,1.5433242321014404,367.927174946,5,3615.42288235,0.00644272,0.906350107361,-370.468,3690.59338479,125.632,-370.441,366.078411876,0.08859658241271973,1326,45721.006397247314,33.687177419662476,874.607,0.734751243631,0.734751243631,3522.53386382,0.789031,366.075,0.6340756416320801,0.0270081,367.923,0.0,276.282651147,2.20434508874,58.3939577763
0.711932776305,6.77279,1.5658702850341797,368.131360593,5,3603.65696381,0.00643341,0.895659305978,-371.18,3680.58195823,132.23,-371.155,366.267541934,0.09048151969909668,1327,45754.7909488678,33.65916466712952,873.748,0.712192342886,0.712192342886,3513.15836508,0.788993,366.265,0.66560959815979,0.0247803,368.127,0.0,280.881047648,2.229685725,64.7046208
0.706240573229,6.77272,1.5441217422485352,368.272151176,5,3571.69570769,0.00649442,0.908611041667,-369.966,3632.86454752,131.338,-369.94,366.396281982,0.09407305717468262,1328,45788.1685731411,33.255385398864746,873.688,0.706521513125,0.706521513125,3462.82057432,0.788972,366.395,0.6528637409210205,0.0259399,368.269,0.0,274.27118684,2.21227233703,62.9612424605
0.686515924869,6.77064,1.54158353805542,368.114903343,5,3686.45558212,0.00997708,0.921853437686,-371.813,3820.56992548,154.524,-371.774,366.241047317,0.09071159362792969,1329,45821.68403196335,33.39340257644653,871.868,0.687048637568,0.687048637568,3553.12736241,0.788742,366.236,0.653691291809082,0.0395203,368.108,0.0,288.065323244,2.31234469404,104.932080765
0.718506731992,6.76934,1.536167860031128,368.264451355,5,3686.59059544,0.00964463,0.931231577207,-373.92,3831.36828776,123.116,-373.892,366.446226209,0.09117269515991211,1330,45854.92566013336,33.119486808776855,870.735,0.719042640227,0.719042640227,3571.14983747,0.788563,366.444,0.6356163024902344,0.0283203,368.262,0.0,278.078889866,2.15469961864,90.7716814738
0.735860413905,6.76743,1.5464420318603516,368.070933359,5,3657.69325052,0.00644149,0.906003584634,-372.309,3741.57985411,142.697,-372.286,366.194569762,0.09275960922241211,1331,45888.41281414032,33.36199641227722,869.072,0.736218306666,0.736218306666,3610.50096342,0.788323,366.191,0.6761505603790283,0.0228882,368.067,0.0,282.675122119,2.27931065699,51.5545679633
0.722867327707,6.76666,1.5501625537872314,368.139367132,5,3583.34840746,0.00652753,0.904332352314,-370.556,3684.59535989,153.113,-370.526,366.373246577,0.0895695686340332,1332,45921.81100940704,33.27658677101135,868.406,0.722749635443,0.722749635443,3482.3682383,0.788243,366.369,0.6612937450408936,0.030365,368.134,0.0,275.870982426,2.30364393198,84.0745878351
0.721605963755,6.76604,1.5569398403167725,367.758003939,5,3629.86209363,0.0064051,0.910781707201,-370.547,3709.71675942,145.365,-370.517,365.901830734,0.08591198921203613,1333,45954.992893218994,33.05827808380127,867.872,0.722632661325,0.722632661325,3573.04676682,0.788179,365.899,0.649160623550415,0.0306396,367.754,0.0,277.885851141,2.26266132683,51.8180445364
0.757521010596,6.76558,1.5762529373168945,368.023198575,5,3617.43218022,0.0064582,0.884149604281,-370.964,3807.0517924,138.505,-370.941,366.359396735,0.10006189346313477,1334,45988.452176332474,33.334606885910034,867.468,0.757758000013,0.757758000013,3472.45569756,0.788129,366.356,0.6894850730895996,0.0232239,368.019,0.0,294.810701361,2.26361932385,111.756265789
0.730486777164,6.76366,1.5801308155059814,367.70999661,5,3650.7467705,0.00644564,0.901492982007,-372.414,3775.49639853,150.665,-372.392,366.032553381,0.09473538398742676,1335,46022.115794181824,33.54387402534485,865.802,0.730925389646,0.730925389646,3501.52402289,0.787919,366.031,0.6858899593353271,0.0226746,367.708,0.0,274.901439491,2.30894135259,103.965918372
0.725420153493,6.76275,1.565248966217041,367.593046358,5,3613.43276857,0.00988113,0.8864172105,-368.394,3767.00653101,148.756,-368.354,365.879427291,0.09206032752990723,1336,46055.609701395035,33.369848012924194,865.018,0.724637969232,0.724637969232,3410.6984011,0.787826,365.876,0.6543362140655518,0.0400085,367.588,0.0,283.171610187,2.34555114163,128.282120261
0.720837327126,6.76329,1.5575904846191406,367.724553247,5,3653.84469659,0.0064343,0.940190538953,-372.055,3818.30394892,135.004,-372.032,366.042865897,0.0945744514465332,1337,46088.82590389252,33.08835530281067,865.481,0.719914998216,0.719914998216,3556.40150451,0.787934,366.04,0.6778664588928223,0.0230713,367.721,0.0,282.398818267,2.24354548678,94.3798889888
0.758267146146,6.76189,1.5381128787994385,367.640446957,5,3652.43173122,0.00978414,0.888418667685,-371.668,3768.45310392,151.483,-371.635,365.893164658,0.08853840827941895,1338,46122.235092401505,33.291815519332886,864.277,0.759793950107,0.759793950107,3559.32922763,0.787797,365.891,0.6394648551940918,0.0330505,367.637,0.0,290.746706315,2.3258112185,68.3604736592
0.497041783691,6.76106,1.5468864440917969,367.654186565,5,3454.49908014,0.00645574,0.762151856008,-354.152,3718.22428007,145.084,-354.114,365.956514686,0.09467482566833496,1339,46155.668066740036,33.3123619556427,863.559,0.497701425064,0.497701425064,2930.74253153,0.787698,365.952,0.6468286514282227,0.0384827,367.649,0.0,263.561256761,2.26213433666,271.898843998
0.731259927148,6.75989,1.5266826152801514,367.415631735,5,3648.25132013,0.00647735,0.897398224372,-371.489,3806.20670843,144.993,-371.465,365.642480966,0.08690977096557617,1340,46189.137310028076,33.35062313079834,862.545,0.731763899966,0.731763899966,3532.75973018,0.787543,365.64,0.6465082168579102,0.0244446,367.413,0.0,282.100228425,2.26574710722,105.599496809
0.741204814863,6.75896,1.5130608081817627,367.635927258,5,3723.51773234,0.00648956,0.89550288015,-371.877,3814.71027964,125.219,-371.844,365.939004597,0.08676934242248535,1341,46222.6553273201,33.39679980278015,861.749,0.740883343372,0.740883343372,3622.28841943,0.787502,365.937,0.6633889675140381,0.033783,367.633,0.0,281.924050156,2.17714649907,79.1576034768
0.719425810875,6.75909,1.5242207050323486,367.744546153,5,3602.94187442,0.00995115,0.910433914178,-369.837,3717.57130574,127.141,-369.805,366.015579667,0.09148812294006348,1342,46255.81239056587,33.03642821311951,861.861,0.718479337436,0.718479337436,3541.8678419,0.787568,366.013,0.6409788131713867,0.0323181,367.741,0.0,289.751288745,2.19250237801,63.9901042966
0.737696144404,6.75918,1.5597853660583496,367.677904993,5,3517.00419925,0.00646782,0.847293638385,-368.761,3701.47765029,150.445,-368.738,365.962608483,0.10041451454162598,1343,46288.894302845,32.959007263183594,861.938,0.738891098326,0.738891098326,3416.32800831,0.787612,365.959,0.7132272720336914,0.022583,367.673,0.0,263.160159764,2.32527533063,98.1719233803
0.733907108671,6.75885,1.5579712390899658,367.558935771,5,3607.16353963,0.00645329,0.923502618454,-370.934,3658.63109821,138.451,-370.897,365.810703365,0.0896759033203125,1344,46322.26448702812,33.25101375579834,861.647,0.733520931079,0.733520931079,3536.08882077,0.787644,365.808,0.6917750835418701,0.0367432,367.556,0.0,291.625152126,2.25402707625,40.3689687443
0.741445296254,6.75784,1.5468370914459229,367.669860871,5,3576.02628697,0.0064616,0.893341499728,-369.553,3693.51479928,147.987,-369.529,365.935739044,0.09016013145446777,1345,46355.626354932785,33.241042137145996,860.78,0.742342716708,0.742342716708,3442.92721612,0.787538,365.933,0.6751797199249268,0.0239868,367.667,0.0,277.081648568,2.3469786305,86.1513006466
0.75654950324,6.75781,1.5270986557006836,367.610741089,5,3579.3675266,0.00652895,0.898021229915,-370.112,3685.05756665,149.619,-370.087,365.882053641,0.08866596221923828,1346,46388.929500341415,33.1833610534668,860.753,0.75569594699,0.75569594699,3446.99236469,0.78759,365.881,0.6539216041564941,0.0254211,367.61,0.0,276.681595514,2.2992878869,105.168578919
0.722479276676,6.75878,1.5627622604370117,367.594177193,5,3590.26155509,0.00640255,0.933892308054,-369.551,3628.26856865,174.211,-369.529,365.866787261,0.09308409690856934,1347,46422.37450122833,33.32213473320007,861.586,0.721868680164,0.721868680164,3532.9193409,0.787709,365.861,0.692842960357666,0.0220947,367.585,0.0,280.779861119,2.43460504393,38.3866319948
0.720489241473,6.75873,1.5282113552093506,367.685965674,5,3711.45272273,0.0098208,0.920548668513,-370.937,3871.14274288,144.88,-370.903,365.998799291,0.09038066864013672,1348,46456.26257157326,33.75768184661865,861.551,0.720956103767,0.720956103767,3591.43811999,0.787778,365.995,0.6317970752716064,0.0342102,367.682,0.0,277.814644123,2.28235907027,95.0574836962
0.73581631739,6.75784,1.5298840999603271,367.52567957,5,3735.73091446,0.0099356,0.93428551639,-373.733,3802.59878602,157.538,-373.702,365.806212945,0.08801913261413574,1349,46489.74212050438,33.35619616508484,860.784,0.737574905181,0.737574905181,3690.84575231,0.787727,365.805,0.6437060832977295,0.0306702,367.524,0.0,285.852815864,2.33201140652,43.451399145
0.500330873269,6.75669,1.5949242115020752,367.474478748,5,3493.14543344,0.00985631,0.507499316057,-357.264,3704.65784113,137.077,-357.217,365.77281789,0.09836435317993164,1350,46523.72079086304,33.85459899902344,859.794,0.501023868025,0.501023868025,3127.49213752,0.787656,365.767,0.7162039279937744,0.047699,367.468,0.0,281.763527081,2.2713753873,207.636649898
0.724289575254,6.75731,1.5335924625396729,367.533508231,5,3685.75756418,0.00643303,0.905217741673,-371.971,3804.51571092,137.76,-371.948,365.821153785,0.08800172805786133,1351,46557.30575299263,33.45349860191345,860.326,0.724282036601,0.724282036601,3620.52028885,0.787702,365.819,0.6710071563720703,0.0229797,367.53,0.0,289.288373419,2.2917214876,65.6719644793
0.715356105579,6.75754,1.4983439445495605,367.537537674,5,3618.22296525,0.00981357,0.932099647332,-370.771,3676.33559649,152.284,-370.744,365.812705604,0.08606934547424316,1352,46590.683549165726,33.25386023521423,860.522,0.715080201274,0.715080201274,3527.60216444,0.787742,365.81,0.6270506381988525,0.0265503,367.534,0.0,275.640778102,2.30874950946,57.7119978928
0.55099289567,6.75631,1.5481574535369873,367.405766688,5,3100.28151198,0.00988764,0.739295637935,-317.636,3731.16994494,140.298,-317.597,365.638296016,0.09389209747314453,1353,46624.19950699806,33.39674210548401,859.461,0.55138315676,0.55138315676,1035.19520689,0.787553,365.638,0.6898519992828369,0.0388184,367.405,0.0,283.286931646,2.25642182668,1035.39528308
0.689764990979,6.75691,1.5455117225646973,367.478906134,5,3625.78372606,0.00990907,0.75637978237,-368.736,3773.13818963,140.735,-368.703,365.666859285,0.09291386604309082,1354,46657.92045998573,33.59955906867981,859.98,0.689564222834,0.689564222834,3489.85105895,0.787617,365.662,0.7246196269989014,0.0332947,367.473,0.0,274.086747423,2.25521370396,105.208137805
0.678383790757,6.75622,1.5563468933105469,367.825192242,5,3703.77734604,0.00995048,0.895778030444,-372.435,3815.43997736,137.602,-372.406,366.061684484,0.09907054901123047,1355,46691.386667728424,33.34543299674988,859.39,0.678782844716,0.678782844716,3633.17226522,0.787597,366.057,0.7278661727905273,0.0284424,367.82,0.0,293.172012991,2.22697038703,61.7501881495
0.735162716839,6.75631,1.5636985301971436,367.863854976,5,3599.40054994,0.00982209,0.902917026332,-370.327,3734.81322489,135.52,-370.289,366.062248211,0.0937042236328125,1356,46724.79384589195,33.26444220542908,859.468,0.73615590313,0.73615590313,3468.01935237,0.787668,366.059,0.6770877838134766,0.0389404,367.859,0.0,284.10718881,2.25831219049,98.6089995515
0.768584256376,6.75574,1.5415301322937012,367.835017526,5,3647.05480058,0.00643939,0.892287696908,-371.433,3692.22770615,138.69,-371.392,365.981350682,0.08683037757873535,1357,46758.418466091156,33.503819942474365,858.979,0.76906909911,0.76906909911,3587.70210041,0.787659,365.979,0.6384329795837402,0.0401001,367.832,0.0,272.203588442,2.24635747614,37.154008312
0.703908196016,6.75505,1.565406084060669,367.998715108,5,3629.15308464,0.00644871,0.908411798999,-370.685,3727.09445469,131.42,-370.655,366.170662636,0.09429931640625,1358,46791.91427350044,33.3716402053833,858.383,0.703353743318,0.703353743318,3566.78554379,0.787599,366.169,0.6731171607971191,0.030426,367.993,0.0,280.542253289,2.22452338769,59.1245864452
0.726997309064,6.75391,1.55185866355896,367.970726248,5,3612.85664467,0.00972326,0.901963723397,-370.495,3747.78764911,142.537,-370.468,366.118621128,0.09407496452331543,1359,46825.41258311272,33.37648677825928,857.406,0.727193213236,0.727193213236,3435.5742099,0.787459,366.115,0.6736419200897217,0.0275574,367.967,0.0,279.488017312,2.29520618375,104.262843379
0.713449621609,6.75254,1.5349445343017578,368.050597792,5,3717.41164749,0.00990148,0.918925241261,-372.446,3793.62621187,143.781,-372.412,366.213974667,0.08196020126342773,1360,46858.7286734581,33.19547963142395,856.227,0.713864368427,0.713864368427,3640.82977673,0.787361,366.21,0.6363310813903809,0.0333252,368.046,0.0,277.426233034,2.30953788327,49.713208316
0.719187712789,6.75172,1.5407288074493408,367.990893917,5,3709.86404864,0.00645747,0.922799219435,-373.475,3810.41203451,145.704,-373.449,366.169077483,0.09020829200744629,1361,46892.097291469574,33.24466872215271,855.532,0.718612958,0.718612958,3632.77134215,0.787303,366.166,0.6127243041992188,0.0262146,367.986,0.0,278.424915063,2.34692456085,74.5349831771
0.717442531007,6.75071,1.5686869621276855,367.999067605,5,3642.89231351,0.00993235,0.896866827002,-372.038,3798.90965763,133.07,-372.008,366.157546765,0.0904238224029541,1362,46925.51128411293,33.29288935661316,854.666,0.718297526987,0.718297526987,3504.57574083,0.787188,366.154,0.6645684242248535,0.02948,367.994,0.0,282.405426417,2.28915601672,110.791783894
0.763426094175,6.75148,1.5465424060821533,368.142522526,5,3622.93929452,0.00643386,0.903462876616,-371.454,3722.73802957,148.01,-371.425,366.321807592,0.0857701301574707,1363,46958.81897187233,33.1876175403595,855.323,0.764114908829,0.764114908829,3538.75194594,0.787316,366.319,0.6396498680114746,0.0294495,368.139,0.0,279.7928976,2.36838928641,59.0116953536
0.740216317131,6.75141,1.5687036514282227,368.403747203,5,3648.96761198,0.00643682,0.928120790483,-372.328,3767.77127884,139.565,-372.304,366.626090201,0.09157466888427734,1364,46991.978592157364,33.03843069076538,855.266,0.740777013627,0.740777013627,3532.40631802,0.787346,366.624,0.6688034534454346,0.024353,368.401,0.0,272.986189124,2.28813566479,93.1011145089
0.696967630948,6.75022,1.5621531009674072,368.321392831,5,3546.24559351,0.00659554,0.883897431501,-368.742,3734.97377156,144.641,-368.713,366.513521121,0.09117913246154785,1365,47025.71400856972,33.61657667160034,854.25,0.695630675945,0.695630675945,3270.87411439,0.787182,366.511,0.672365665435791,0.0288696,368.318,0.0,273.909885254,2.32167715089,154.783909515
0.746646213399,6.75012,1.5591416358947754,368.260159574,5,3666.10022955,0.00991376,0.915085560675,-371.554,3757.25077031,145.561,-371.524,366.433314882,0.09159612655639648,1366,47059.21987986565,33.3795428276062,854.163,0.746853955,0.746853955,3567.08765957,0.787226,366.429,0.6594576835632324,0.029541,368.254,0.0,281.544546264,2.31232309305,62.2436334187
0.721549747101,6.75091,1.5623254776000977,368.041781625,5,3671.02921317,0.00980535,0.880491914006,-373.19,3899.72918471,149.505,-373.15,366.247773379,0.09336304664611816,1367,47092.65480184555,33.31079363822937,854.835,0.722596989169,0.722596989169,3350.09491225,0.78741,366.245,0.6655294895172119,0.0396729,368.038,0.0,285.337908765,2.33502291561,187.676475503
0.564869859212,6.75127,1.5700559616088867,367.861718029,5,3226.43075369,0.00650187,0.630343125444,-336.352,3762.94858556,142.107,-336.312,365.980737194,0.09464716911315918,1368,47126.196647405624,33.42014980316162,855.141,0.564589385948,0.564589385948,1982.7091562,0.787473,365.977,0.7001185417175293,0.0402832,367.856,0.0,272.417332232,2.30606571067,634.691858924
0.62202295097,6.75085,1.5462534427642822,368.01172145,5,3723.45908804,0.00651005,0.812490970933,-373.383,3774.5407363,134.081,-373.358,366.168152743,0.08869075775146484,1369,47159.45208477974,33.13704586029053,854.782,0.621329138743,0.621329138743,3653.15561669,0.787406,366.166,0.6327345371246338,0.0249329,368.009,0.0,294.480729014,2.24507240363,48.5174649203
0.741572628275,6.7501,1.5412206649780273,367.946334322,5,3593.69909261,0.00998125,0.902507005107,-371.315,3702.20705081,137.755,-371.287,366.037627408,0.08678388595581055,1370,47192.943933963776,33.37230849266052,854.144,0.740986956355,0.740986956355,3429.64304459,0.787312,366.036,0.619579553604126,0.0278931,367.943,0.0,284.910584176,2.25564311216,95.2442456866
0.727662043231,6.74926,1.5774457454681396,368.167483055,5,3623.34606255,0.00990884,0.92880347445,-371.617,3706.15332458,135.211,-371.588,366.264003736,0.0965573787689209,1371,47226.63660812378,33.57200002670288,853.428,0.728274131629,0.728274131629,3537.37060568,0.787224,366.259,0.6990921497344971,0.0292053,368.161,0.0,287.260375621,2.23135745036,60.1389292537
0.747822978867,6.7487,1.546769618988037,368.108275769,5,3628.68512515,0.00986762,0.919738515479,-371.449,3740.30437469,134.836,-371.419,366.154273806,0.08650064468383789,1372,47260.096316337585,33.33963131904602,852.953,0.749233310247,0.749233310247,3477.09348281,0.787116,366.152,0.6388826370239258,0.0302124,368.104,0.0,288.092280543,2.23740062584,90.2095571216
0.728680858714,6.74676,1.528280258178711,368.411942814,5,3739.50370242,0.00994262,0.917402609395,-373.789,3873.53754772,128.453,-373.765,366.625724212,0.09090566635131836,1373,47293.46520471573,33.25081706047058,851.297,0.727474676494,0.727474676494,3661.46698162,0.786953,366.622,0.6486477851867676,0.024353,368.407,0.0,290.208066556,2.21381448228,71.6195183701
0.731971063843,6.74544,1.5555148124694824,368.395466644,5,3681.49201129,0.00998989,0.91450446176,-373.172,3818.00105883,147.774,-373.137,366.612153068,0.09412074089050293,1374,47326.93010663986,33.34520125389099,850.175,0.732960056454,0.732960056454,3583.48247442,0.786774,366.609,0.6771714687347412,0.035614,368.391,0.0,279.279111059,2.32205991763,77.31933977
0.764296765135,6.74424,1.5562729835510254,368.337345798,5,3611.43962617,0.00996039,0.907607899967,-371.224,3726.52247223,136.629,-371.198,366.477534006,0.09369969367980957,1375,47360.373711586,33.31779503822327,849.157,0.76546257622,0.76546257622,3514.04935939,0.786622,366.475,0.6585807800292969,0.0258789,368.332,0.0,290.398791668,2.24012438003,67.8618810603
0.714805931574,6.74451,1.5485196113586426,368.346767894,5,3656.55671189,0.00645332,0.913094319797,-372.343,3761.29819924,148.902,-372.31,366.484164729,0.09137988090515137,1376,47393.667424201965,33.16591453552246,849.383,0.714893437783,0.714893437783,3537.35877139,0.786722,366.481,0.6507105827331543,0.0330811,368.342,0.0,281.198641336,2.28744968531,91.6769261538
0.749815617575,6.74354,1.5687434673309326,368.285143599,5,3642.63706418,0.00642645,0.904686734689,-372.038,3756.01399367,146.403,-372.011,366.488578776,0.0904536247253418,1377,47427.016864299774,33.222944498062134,848.562,0.749464009894,0.749464009894,3530.37965289,0.786583,366.485,0.6710455417633057,0.0264893,368.281,0.0,294.071572923,2.2629028421,75.2417008574
0.750955611473,6.74237,1.5519065856933594,368.322219212,5,3610.36445159,0.00997325,0.901076343968,-371.124,3738.23153637,133.248,-371.091,366.54257379,0.09212255477905273,1378,47461.24757814407,34.11279368400574,847.567,0.74976310952,0.74976310952,3427.23541804,0.786463,366.539,0.6781389713287354,0.0330811,368.318,0.0,271.450208369,2.23317608691,122.176376696
0.729771209657,6.74117,1.5677080154418945,368.158031298,5,3636.15742681,0.00997474,0.901013068382,-373.261,3666.88747337,160.365,-373.23,366.362760087,0.09193587303161621,1379,47495.170793771744,33.79996967315674,846.547,0.729106480488,0.729106480488,3603.35235065,0.786327,366.359,0.695371150970459,0.0307007,368.154,0.0,277.180190464,2.37896150453,22.6089753301
0.699731575264,6.74097,1.5624613761901855,367.976945611,5,3637.19234792,0.00652923,0.913489882432,-372.814,3684.33165882,139.452,-372.79,366.109956551,0.09236359596252441,1380,47529.253878355026,33.96263551712036,846.379,0.700583642444,0.700583642444,3533.58335745,0.786335,366.107,0.6772284507751465,0.0240479,367.972,0.0,271.417018437,2.22865291026,56.7738420682
0.727974907674,6.7411,1.5552246570587158,367.990107257,5,3634.22911877,0.00640249,0.896051867413,-372.211,3683.88490064,144.578,-372.189,366.195119056,0.0910196304321289,1381,47563.012580156326,33.63632345199585,846.493,0.726606679476,0.726606679476,3559.06002708,0.786346,366.193,0.6675348281860352,0.0220642,367.986,0.0,268.007087188,2.24762629614,51.0730677721
0.730180848059,6.74103,1.5609095096588135,368.040618922,5,3739.01761056,0.0097466,0.900690924459,-373.856,3819.76282566,139.939,-373.815,366.257849171,0.08911871910095215,1382,47596.53776240349,33.40580368041992,846.436,0.730111407681,0.730111407681,3647.07760528,0.786377,366.254,0.6714086532592773,0.0412598,368.036,0.0,278.587764018,2.24337759476,74.1785513326
0.691428919494,6.74162,1.552189588546753,368.278084786,5,3681.54941907,0.00989529,0.914586149162,-372.776,3753.92451932,135.002,-372.745,366.515616466,0.08938789367675781,1383,47630.14137625694,33.47480869293213,846.935,0.692363222071,0.692363222071,3603.57950393,0.786468,366.512,0.689408540725708,0.0307922,368.274,0.0,292.216198495,2.24235080039,52.3998553797
0.762847694671,6.7428,1.5368695259094238,368.141268228,5,3660.38837102,0.0064671,0.91453031782,-372.185,3715.53857103,148.945,-372.154,366.316673948,0.08958029747009277,1384,47663.87713766098,33.612447023391724,847.929,0.762144010483,0.762144010483,3595.80256819,0.786614,366.314,0.6517810821533203,0.0313416,368.138,0.0,272.241350837,2.29316385671,40.2840465467
0.759541272866,6.74235,1.550180435180664,368.2853983,5,3677.26195651,0.00645771,0.896792885445,-372.875,3818.88803022,133.27,-372.849,366.506418487,0.10236406326293945,1385,47697.46195816994,33.45908570289612,847.547,0.759433992661,0.759433992661,3586.40539639,0.786551,366.504,0.6934261322021484,0.0257263,368.283,0.0,278.632431197,2.19860749108,83.3057973119
0.728767953236,6.74322,1.5378189086914062,368.331971275,5,3675.02340583,0.00641925,0.925000701279,-371.443,3742.60263708,144.465,-371.423,366.525843895,0.09504318237304688,1386,47730.885011434555,33.3009397983551,848.289,0.730797532395,0.730797532395,3596.21371775,0.786707,366.522,0.6832597255706787,0.0201416,368.328,0.0,294.843442831,2.2630970629,46.7141225814
0.723682065813,6.74336,1.5180811882019043,368.461316067,5,3729.40965392,0.00651283,0.929445548383,-373.134,3823.84813266,133.43,-373.111,366.671152383,0.08793139457702637,1387,47764.36015915871,33.356204986572266,848.405,0.724143300387,0.724143300387,3660.46905875,0.786769,366.668,0.6405990123748779,0.0229187,368.456,0.0,300.344826953,2.21272478202,58.9119031165
0.731811225498,6.74342,1.5302331447601318,368.342303273,5,3631.99887382,0.00977577,0.883326758572,-371.094,3732.76540015,159.151,-371.067,366.564384991,0.09702610969543457,1388,47797.84877872467,33.36892819404602,848.46,0.732867808321,0.732867808321,3558.80423598,0.786812,366.561,0.6639218330383301,0.0272522,368.337,0.0,286.173622993,2.33207278441,69.1532295697
0.747168043428,6.74405,1.5353062152862549,368.306474921,5,3716.46226782,0.00642463,0.90424777786,-374.172,3803.63785654,123.472,-374.147,366.473246434,0.09356451034545898,1389,47831.09662055969,33.12869954109192,848.991,0.747160754493,0.747160754493,3683.15378907,0.786875,366.47,0.660485029220581,0.0254211,368.302,0.0,285.646469751,2.13803376533,46.1751638293
0.703233634939,6.74402,1.534271240234375,368.419481559,5,3689.9165211,0.00653614,0.908313314159,-373.92,3768.48848782,150.975,-373.894,366.619606361,0.09546160697937012,1390,47864.38326025009,33.16810393333435,848.968,0.70441039695,0.70441039695,3573.26386245,0.786893,366.617,0.6601729393005371,0.026123,368.415,0.0,284.906871286,2.31147488419,72.5617174851
0.759396241613,6.74196,1.5641789436340332,368.255238673,5,3617.11344874,0.00643007,0.887330223577,-372.139,3689.34154602,151.113,-372.113,366.427331252,0.09755825996398926,1391,47897.64739322662,33.147696018218994,847.216,0.757943575499,0.757943575499,3573.54247109,0.786648,366.426,0.7008628845214844,0.0254822,368.252,0.0,276.577936049,2.33118480992,40.2522192643
0.726031960967,6.7421,1.524364948272705,368.196998099,5,3628.10853748,0.00987536,0.907028407379,-371.599,3730.40006192,152.106,-371.572,366.341197928,0.08412837982177734,1392,47930.90703582764,33.13934898376465,847.342,0.725764751876,0.725764751876,3504.11513844,0.786673,366.337,0.6275844573974609,0.027771,368.191,0.0,278.916053957,2.31220330652,94.5953922344
0.739527732576,6.74235,1.538593053817749,368.239230405,5,3652.80219182,0.00997786,0.902781345283,-372.136,3795.36776632,137.762,-372.106,366.397049955,0.09154868125915527,1393,47964.33718729019,33.30531907081604,847.547,0.739276989419,0.739276989419,3542.86516481,0.786705,366.394,0.6701290607452393,0.0300903,368.235,0.0,293.706459432,2.25127839774,83.4532321202
0.748492586667,6.74084,1.5491223335266113,368.443654947,5,3670.68644939,0.00651217,0.906311425983,-372.897,3793.47332017,140.963,-372.868,366.615372757,0.09168767929077148,1394,47997.530571460724,33.07203412055969,846.268,0.748464952061,0.748464952061,3573.17531903,0.786523,366.614,0.6985073089599609,0.0289917,368.441,0.0,280.872244887,2.24513082777,86.0823433987
0.705823470782,6.74037,1.5522453784942627,368.489863192,5,3630.6408666,0.00992915,0.927039186137,-370.34,3681.04765503,144.068,-370.308,366.652737715,0.09266042709350586,1395,48030.66917872429,33.01962685585022,845.874,0.704923633877,0.704923633877,3573.00466962,0.786516,366.648,0.67293381690979,0.0325012,368.485,0.0,266.032475082,2.26465190855,43.8755197149
0.73844318701,6.73947,1.5514531135559082,368.415115844,5,3607.27991054,0.00987938,0.890521448003,-372.327,3704.16498384,137.421,-372.297,366.526862503,0.09324264526367188,1396,48064.27899837494,33.483333110809326,845.11,0.738036718731,0.738036718731,3446.46056962,0.786417,366.524,0.6970047950744629,0.0299683,368.41,0.0,290.56968156,2.23674078309,92.0719486021
0.743069362785,6.74097,1.556518793106079,368.501844858,5,3661.68077884,0.00988021,0.91957871438,-373.274,3760.80758139,155.074,-373.243,366.647897451,0.09545779228210449,1397,48097.597427368164,33.2003607749939,846.378,0.741801764774,0.741801764774,3576.17869628,0.786648,366.644,0.7264430522918701,0.0309143,368.498,0.0,276.069445654,2.31127107081,62.4323768941
0.738885616966,6.73968,1.523998498916626,368.494417401,5,3625.92699222,0.00990195,0.880845855876,-371.622,3713.92890107,150.777,-371.594,366.6944918,0.08620047569274902,1398,48131.05077624321,33.32603216171265,845.294,0.739439772647,0.739439772647,3507.08773654,0.786529,366.692,0.6688084602355957,0.0276794,368.491,0.0,267.251417862,2.30467456202,68.358649946
0.726774529643,6.73937,1.5272808074951172,368.450259664,5,3675.83934396,0.00645826,0.919695888669,-371.725,3953.8664444,144.589,-371.7,366.585798197,0.09066987037658691,1399,48164.25510215759,33.08720874786377,845.026,0.726601575241,0.726601575241,3472.17548512,0.786494,366.58,0.6657059192657471,0.0249023,368.444,0.0,282.447973599,2.27721888607,183.559999795
0.71919009892,6.73919,1.53708815574646,368.549372276,5,3662.70810139,0.00970144,0.907474610401,-371.512,3803.97299806,145.822,-371.467,366.701292292,0.09263920783996582,1400,48197.601387023926,33.22602033615112,844.875,0.718620060525,0.718620060525,3488.3858839,0.786503,366.699,0.6960339546203613,0.0449219,368.546,0.0,299.813418076,2.28103129636,112.811118277
0.751462200052,6.73852,1.5601320266723633,368.541571785,5,3685.76143218,0.00987561,0.905027853526,-373.623,3767.71129118,142.619,-373.595,366.693286223,0.09290385246276855,1401,48230.81979608536,33.10383224487305,844.308,0.752001703185,0.752001703185,3600.18329397,0.78643,366.69,0.7298295497894287,0.0283813,368.538,0.0,266.899043504,2.23155570201,62.8103702984
0.753135976736,6.7364,1.5584828853607178,368.895126574,5,3648.64573273,0.00641319,0.908446996194,-371.724,3733.02721728,143.746,-371.697,367.207795822,0.08950996398925781,1402,48264.36496448517,33.409788846969604,842.526,0.75383152089,0.75383152089,3590.93381725,0.786165,367.205,0.701190710067749,0.0269775,368.893,0.0,280.731839812,2.24423178012,53.0367922644
0.70873511139,6.73437,1.5523145198822021,368.887985952,5,3749.21944002,0.00648949,0.914321106196,-374.675,3858.18486509,136.231,-374.643,367.224051184,0.09737038612365723,1403,48298.055304050446,33.560856342315674,840.815,0.709442246831,0.709442246831,3649.12527342,0.785982,367.222,0.6982059478759766,0.0320129,368.885,0.0,298.68170578,2.22320071837,79.607745928
0.741158233333,6.73402,1.5325798988342285,368.980842399,5,3664.09476702,0.00644454,0.875103921653,-373.338,3721.41948148,143.461,-373.312,367.32987804,0.09329509735107422,1404,48331.98178887367,33.79911279678345,840.516,0.740999385848,0.740999385848,3591.79746042,0.785956,367.328,0.6354970932006836,0.0258789,368.976,0.0,280.502564713,2.2583309867,48.3022192696
0.694563689754,6.73316,1.555626392364502,368.819312982,5,3599.74362605,0.00998316,0.894887694796,-369.669,3705.970745,158.245,-369.636,367.144422977,0.09410691261291504,1405,48365.35054516792,33.224552154541016,839.799,0.695015995301,0.695015995301,3463.64405101,0.785831,367.141,0.7033047676086426,0.0325928,368.817,0.0,286.956679633,2.33947672052,85.2608925485
0.758215958937,6.73399,1.522148609161377,368.952345086,5,3686.65678004,0.00988326,0.909137727293,-373.076,3848.94354605,150.351,-373.047,367.307084689,0.09771871566772461,1406,48398.74890089035,33.27617931365967,840.497,0.758120420976,0.758120420976,3556.47856222,0.786022,367.303,0.6504313945770264,0.0292969,368.947,0.0,287.207581697,2.32750188701,95.8783961536
0.721191448183,6.73259,1.5235345363616943,368.940132099,5,3676.25277826,0.00999362,0.929764178285,-372.49,3738.09916319,140.617,-372.452,367.212501183,0.09032201766967773,1407,48432.184337854385,33.31512784957886,839.319,0.722880518317,0.722880518317,3561.98418526,0.785914,367.209,0.661017894744873,0.0371399,368.935,0.0,269.173555515,2.26741885273,64.6818247625
0.744511882854,6.73176,1.5935683250427246,369.041447896,5,3686.61446783,0.00999127,0.910441939078,-373.35,3846.29526509,139.054,-373.315,367.372760576,0.09657406806945801,1408,48466.17765831947,33.87238025665283,838.626,0.745549573148,0.745549573148,3512.17351441,0.785859,367.369,0.7430624961853027,0.0346375,369.037,0.0,280.645677448,2.2310345095,118.417476143
0.705254587499,6.73053,1.568840742111206,368.937915736,5,3662.77426519,0.00998158,0.888984501571,-371.569,3744.6493375,149.659,-371.527,367.25568061,0.0918114185333252,1409,48500.361506700516,34.058711767196655,837.591,0.705622265395,0.705622265395,3506.41929136,0.785777,367.253,0.6751933097839355,0.0411072,368.935,0.0,287.343907757,2.29414250976,87.1498654222
0.720590501087,6.73002,1.561722755432129,369.005808101,5,3650.88803582,0.00992238,0.938655712549,-371.995,3713.37311902,137.707,-371.966,367.327326233,0.09129095077514648,1410,48534.28100013733,33.788174867630005,837.162,0.721010262837,0.721010262837,3499.4818819,0.785728,367.324,0.6731019020080566,0.0291138,369.002,0.0,276.065107416,2.20443004699,79.2560902219
0.765209805736,6.73058,1.5692942142486572,369.249907214,5,3682.62505495,0.00979967,0.882603798581,-372.734,3762.59162732,125.257,-372.702,367.560175809,0.09971141815185547,1411,48567.91150832176,33.50772190093994,837.636,0.764830987421,0.764830987421,3613.88611142,0.785811,367.558,0.696732759475708,0.032135,369.247,0.0,280.08567601,2.17387516481,57.0051966385
0.731898642791,6.72982,1.5590016841888428,369.484974355,5,3656.04973264,0.00648617,0.89073909648,-373.688,3870.41672322,142.476,-373.665,367.838864223,0.0953207015991211,1412,48601.46883678436,33.43676233291626,836.998,0.731255899136,0.731255899136,3578.74979199,0.78574,367.834,0.6562280654907227,0.0239563,369.479,0.0,281.555457341,2.26828649765,109.037508973
0.761552869709,6.72953,1.584526777267456,369.413514352,5,3632.21659463,0.00992491,0.920775592283,-373.679,3801.09966914,144.897,-373.65,367.769718742,0.09558987617492676,1413,48635.01412963867,33.42244839668274,836.751,0.761240080591,0.761240080591,3519.12203117,0.7857,367.768,0.6796324253082275,0.0292053,369.411,0.0,266.626530336,2.28332560672,97.7572192827
0.730027739496,6.72936,1.5740916728973389,369.426068748,5,3682.74982905,0.00645101,0.91217086022,-373.026,3779.32178364,140.396,-372.999,367.769779802,0.09344911575317383,1414,48668.357523202896,33.22360396385193,836.611,0.731849446662,0.731849446662,3618.04512717,0.785681,367.766,0.6658189296722412,0.0271606,369.421,0.0,278.26900144,2.23362460443,60.0641537254
0.717996123788,6.72942,1.5559875965118408,369.627707422,5,3649.01467373,0.00968826,0.881325978754,-373.368,3764.07910996,120.773,-373.327,367.965581437,0.09146475791931152,1415,48701.92402815819,33.44180607795715,836.66,0.717065432235,0.717065432235,3529.97619321,0.78574,367.963,0.6485271453857422,0.041626,369.625,0.0,274.512438504,2.13588294961,79.5761832276
0.700423764183,6.72935,1.5675578117370605,369.593636791,5,3618.14124071,0.00664513,0.873236139723,-372.764,3838.1892213,140.068,-372.736,367.939143026,0.09201169013977051,1416,48735.719056129456,33.676469564437866,836.603,0.700823391801,0.700823391801,3431.24710523,0.785762,367.936,0.6662371158599854,0.0282593,369.591,0.0,271.861991793,2.23031163632,137.812978613
0.738165919099,6.7287,1.5746519565582275,369.662896005,5,3688.12053945,0.00661431,0.925132745288,-373.581,3753.31340044,135.409,-373.55,367.939559289,0.0978848934173584,1417,48769.04048538208,33.197144508361816,836.061,0.739093047427,0.739093047427,3584.29617835,0.785695,367.937,0.688117504119873,0.0310974,369.659,0.0,289.815560866,2.23027682296,72.7561336249
0.736586074248,6.72892,1.5511224269866943,369.632999874,5,3697.49157391,0.0064118,0.924647931094,-373.912,3800.36733508,147.664,-373.889,367.973790539,0.0868229866027832,1418,48801.99290513992,32.830729484558105,836.243,0.736378971183,0.736378971183,3629.79365375,0.785775,367.97,0.6235597133636475,0.0230408,369.628,0.0,292.261546177,2.27202442458,57.7744131993
0.70742251186,6.72774,1.531383991241455,369.485148612,5,3647.95867301,0.00990966,0.883575740921,-372.547,3733.07915662,148.425,-372.521,367.743911887,0.08440327644348145,1419,48834.51885867119,32.40332055091858,835.254,0.707321690305,0.707321690305,3599.40821737,0.785675,367.741,0.6065812110900879,0.0258179,369.481,0.0,277.157636764,2.26254287665,50.7183137664
0.722972618143,6.72715,1.5539827346801758,369.544059162,5,3630.15237734,0.00996153,0.919568589265,-371.725,3679.19425039,145.47,-371.688,367.842552366,0.0856940746307373,1420,48867.04209399223,32.404311180114746,834.761,0.722821910224,0.722821910224,3602.59532662,0.78562,367.839,0.6223790645599365,0.036377,369.54,0.0,278.605025838,2.25965169657,28.3057607478
0.753166886917,6.72657,1.5361793041229248,369.623485174,5,3552.83091971,0.00646152,0.928716395586,-371.24,3647.5587895,143.982,-371.205,367.90249537,0.08365821838378906,1421,48899.894485235214,32.72849702835083,834.279,0.752243134379,0.752243134379,3438.40072577,0.78555,367.899,0.6154484748840332,0.035553,369.618,0.0,273.660326062,2.25883222863,72.8038043612
0.722580001101,6.72661,1.5359938144683838,369.658086303,5,3608.15464461,0.00969806,0.907247368849,-373.068,3735.59072107,134.719,-373.038,367.936504232,0.08488750457763672,1422,48932.61747980118,32.60468554496765,834.312,0.722787442576,0.722787442576,3509.15481517,0.785579,367.934,0.618746280670166,0.0302734,369.654,0.0,272.577496507,2.22649131905,90.6217731207
0.738503588772,6.7257,1.5438368320465088,369.922888335,5,3685.32926231,0.00966819,0.906255118525,-374.377,3760.34576467,139.537,-374.351,368.224785083,0.08353734016418457,1423,48965.16062140465,32.425039291381836,833.555,0.739489403091,0.739489403091,3595.52533233,0.785422,368.221,0.6309280395507812,0.0264282,369.919,0.0,288.489641206,2.21238318845,67.3710272298
0.751210892695,6.7256,1.5585989952087402,370.005055243,5,3631.63382805,0.00649839,0.900486056797,-373.473,3758.41059056,148.277,-373.445,368.309920852,0.08252239227294922,1424,48998.00637483597,32.72398781776428,833.469,0.752283224983,0.752283224983,3509.6633491,0.785473,368.308,0.6225922107696533,0.0282593,370.003,0.0,280.733530407,2.28173849734,92.6283911045
0.778656351109,6.72468,1.5448153018951416,370.140887641,5,3635.20303421,0.00647523,0.898673168529,-372.403,3739.10234522,154.216,-372.375,368.588822694,0.08586406707763672,1425,49030.792746543884,32.67080569267273,832.704,0.778559930684,0.778559930684,3560.16907045,0.785372,368.586,0.6327812671661377,0.0283203,370.137,0.0,278.471482788,2.31106370499,62.9574539168
0.748746921584,6.72474,1.5390748977661133,370.083190779,5,3724.88875197,0.00660964,0.920238590454,-374.589,3810.60297887,142.471,-374.565,368.515813362,0.0868523120880127,1426,49063.66314983368,32.750077962875366,832.755,0.749419443622,0.749419443622,3663.69079303,0.785385,368.512,0.6165585517883301,0.0246277,370.079,0.0,296.597518629,2.24126834458,48.4420628356
0.738945949402,6.7232,1.53745436668396,370.108063023,5,3672.51636247,0.00640513,0.914694638501,-373.96,3777.91831959,142.328,-373.93,368.567435654,0.08736848831176758,1427,49096.48663139343,32.70137858390808,831.472,0.739677555449,0.739677555449,3550.83759147,0.785268,368.565,0.6361699104309082,0.0296631,370.105,0.0,272.587928094,2.22835160839,81.8323163664
0.749173805899,6.72272,1.5333991050720215,370.040067639,5,3672.34082913,0.00987995,0.914056563451,-374.246,3891.8079586,148.665,-374.212,368.445311372,0.08792781829833984,1428,49129.56216812134,32.95900368690491,831.074,0.74836343442,0.74836343442,3587.05717548,0.785218,368.442,0.6256778240203857,0.0337219,370.036,0.0,297.294187046,2.28767742611,112.2159589
0.733417747951,6.72186,1.531172275543213,370.28580391,5,3650.71530026,0.00991263,0.926425642625,-373.551,3766.58590047,137.319,-373.517,368.759391856,0.08329391479492188,1429,49162.17398357391,32.486735820770264,830.357,0.733252200914,0.733252200914,3489.22542611,0.785154,368.756,0.6287333965301514,0.0337524,370.28,0.0,285.501735421,2.2287428143,91.9402840767
0.754178296598,6.72055,1.5480849742889404,370.320139326,5,3588.74916555,0.00640943,0.92044179549,-372.385,3631.09022462,144.301,-372.36,368.803289797,0.08936095237731934,1430,49194.78652763367,32.49092411994934,829.275,0.754338095034,0.754338095034,3456.04862533,0.785002,368.8,0.6383509635925293,0.0256042,370.316,0.0,283.553733518,2.27460776509,67.5853191952
0.741435082869,6.72003,1.5315876007080078,370.548810672,5,3682.38210053,0.00643963,0.909664203809,-373.971,3784.86844901,139.305,-373.947,369.143863714,0.08518719673156738,1431,49227.58116340637,32.67383861541748,828.841,0.741385472532,0.741385472532,3593.9338373,0.784933,369.143,0.6149728298187256,0.0241089,370.547,0.0,295.345096451,2.22704960752,68.0777704856
0.718914367528,6.71967,1.5441036224365234,370.61878147,5,3722.8518647,0.00642837,0.922454061111,-373.928,3839.15834164,137.216,-373.904,369.279638378,0.086883544921875,1432,49260.23285937309,32.532299280166626,828.547,0.718572218102,0.718572218102,3648.99773807,0.784924,369.275,0.6166183948516846,0.0235901,370.614,0.0,290.945124519,2.21735885604,69.5669069946
0.730273803031,6.71887,1.543682336807251,370.830721248,5,3713.36597575,0.00643231,0.909264300488,-375.635,3823.92281509,136.141,-375.614,369.502039529,0.09134650230407715,1433,49293.19700884819,32.84897971153259,827.886,0.729224736421,0.729224736421,3635.42967127,0.784877,369.502,0.6331250667572021,0.0207825,370.83,0.0,285.890495913,2.23178562477,62.9938416766
0.491305712044,6.71775,1.5483672618865967,370.806489624,5,3526.41630858,0.00987308,0.410936107903,-356.95,3837.048663,147.272,-356.907,369.466156938,0.08902359008789062,1434,49326.05610704422,32.73774600028992,826.957,0.491032563474,0.491032563474,2823.53361069,0.784774,369.46,0.6334452629089355,0.0426025,370.8,0.0,279.96038151,2.27417077975,368.088363364
0.642039621952,6.71711,1.5485434532165527,370.809943412,5,3487.47960484,0.00653017,0.841519899198,-354.304,3765.8092148,145.848,-354.27,369.404542301,0.08319354057312012,1435,49358.87160778046,32.6957733631134,826.425,0.641893788847,0.641893788847,2690.96529366,0.784692,369.402,0.6308648586273193,0.0335693,370.807,0.0,277.652590136,2.26769645565,400.8508468
0.67004600912,6.71715,1.5440471172332764,370.902956067,5,3755.31203335,0.00976731,0.860728737512,-376.219,3863.20700174,139.678,-376.19,369.492861421,0.08773303031921387,1436,49391.740417957306,32.74876809120178,826.462,0.670711198193,0.670711198193,3628.94373873,0.784719,369.49,0.6243624687194824,0.0284424,370.899,0.0,290.222025631,2.23991611458,80.9289273419
0.733737812448,6.71674,1.548081874847412,370.859646951,5,3718.96760482,0.00642004,0.907456113809,-376.056,3746.98273413,160.759,-376.03,369.45829383,0.08465433120727539,1437,49424.57778215408,32.71659445762634,826.117,0.733537238077,0.733537238077,3687.8381299,0.784669,369.455,0.6167669296264648,0.0261841,370.855,0.0,290.910045701,2.32808988249,22.6657804061
0.73136265602,6.71547,1.5492651462554932,370.830794639,5,3620.99428408,0.00980132,0.915671100862,-373.621,3768.43263274,145.136,-373.591,369.378101509,0.09069108963012695,1438,49458.25609469414,33.555246114730835,825.071,0.731936067968,0.731936067968,3454.93287685,0.784562,369.375,0.6506149768829346,0.0292664,370.826,0.0,264.25603125,2.26566133665,116.36920769
0.744196231673,6.71428,1.5641322135925293,370.77259738,5,3732.02777661,0.00990525,0.93181366513,-375.166,3883.46716422,148.572,-375.139,369.350130199,0.09707045555114746,1439,49492.1140961647,33.733874559402466,824.089,0.74441946797,0.74441946797,3648.68518548,0.784451,369.347,0.655123233795166,0.0276184,370.768,0.0,298.767611392,2.27341279787,81.598207495
0.716016220985,6.7132,1.5610828399658203,370.969211455,5,3695.73332964,0.00994831,0.904259933073,-374.154,3806.87046185,141.409,-374.123,369.554797555,0.08767843246459961,1440,49525.21611595154,32.978875160217285,823.197,0.716849439385,0.716849439385,3519.44194576,0.784333,369.552,0.6425571441650391,0.0305176,370.965,0.0,288.069852958,2.25941604251,98.4256324776
0.737414360328,6.71355,1.5609941482543945,371.233897165,5,3608.21897962,0.00642608,0.886256585235,-371.693,3751.57010867,136.768,-371.664,369.945304511,0.09221267700195312,1441,49558.16129755974,32.821003437042236,823.492,0.737528434026,0.737528434026,3393.06819526,0.784476,369.942,0.6443092823028564,0.0291138,371.231,0.0,283.038632117,2.24452835392,135.304702075
0.734178572139,6.7128,1.5370612144470215,371.484793392,5,3762.76173252,0.00979013,0.927462717962,-377.698,3871.25905261,145.392,-377.661,370.258100541,0.0835874080657959,1442,49591.069731235504,32.78573703765869,822.873,0.734641439912,0.734641439912,3648.84655377,0.784413,370.257,0.6054394245147705,0.0363159,371.48,0.0,286.238897141,2.25115211628,83.1031727307
0.743420607453,6.71229,1.5362863540649414,371.484610649,5,3674.69032314,0.00988894,0.895581706054,-373.429,3817.16425808,140.259,-373.394,370.209506631,0.08573174476623535,1443,49623.55594086647,32.36186456680298,822.448,0.743102918268,0.743102918268,3500.66635706,0.784371,370.204,0.6269881725311279,0.0350037,371.479,0.0,277.270697279,2.22673425177,107.689652751
0.74787885742,6.71212,1.5452592372894287,371.801417398,5,3664.30411967,0.00990666,0.916631976561,-375.276,3726.90078474,140.824,-375.25,370.588744656,0.08350825309753418,1444,49656.37217903137,32.69832253456116,822.315,0.748347429954,0.748347429954,3559.90168055,0.784392,370.586,0.6141462326049805,0.0263367,371.798,0.0,285.366508888,2.22419459647,62.1237057013
0.739447731355,6.71137,1.5504422187805176,371.864918386,5,3662.57480153,0.00647229,0.887959265805,-375.565,3722.02634204,138.159,-375.541,370.582288872,0.08949732780456543,1445,49689.421627283096,32.93150234222412,821.698,0.738845533525,0.738845533525,3526.21879392,0.784369,370.58,0.6324763298034668,0.0235596,371.863,0.0,276.161129359,2.17574013132,73.180594767
